0 0.989357
100 0.402094
200 0.26646
300 0.196827
400 0.154089
500 0.125408
600 0.105016
700 0.0898873
800 0.0782854
900 0.069147
1000 0.0617887
1100 0.0557531
1200 0.0507241
1300 0.0464768
1400 0.0428476
1500 0.0397143
1600 0.0369847
1700 0.0345876
1800 0.0324673
1900 0.0305796
2000 0.0288893
2100 0.0273676
2200 0.0259912
2300 0.0247406
2400 0.0235997
2500 0.022555
2600 0.0215952
2700 0.0207104
2800 0.0198925
2900 0.0191342
3000 0.0184294
3100 0.0177728
3200 0.0171596
3300 0.0165858
3400 0.0160477
3500 0.0155423
3600 0.0150666
3700 0.0146181
3800 0.0141947
3900 0.0137943
4000 0.0134152
4100 0.0130556
4200 0.0127142
4300 0.0123897
4400 0.0120808
4500 0.0117864
4600 0.0115056
4700 0.0112375
4800 0.0109812
4900 0.010736
5000 0.0105011
5100 0.0102761
5200 0.0100602
5300 0.00985291
5400 0.00965377
5500 0.0094623
5600 0.00927806
5700 0.00910067
5800 0.00892975
5900 0.00876495
6000 0.00860597
6100 0.0084525
6200 0.00830427
6300 0.008161
6400 0.00802248
6500 0.00788845
6600 0.00775872
6700 0.00763308
6800 0.00751134
6900 0.00739332
7000 0.00727887
7100 0.00716782
7200 0.00706002
7300 0.00695535
7400 0.00685365
7500 0.00675482
7600 0.00665873
7700 0.00656527
7800 0.00647434
7900 0.00638583
8000 0.00629965
8100 0.00621572
8200 0.00613395
8300 0.00605425
8400 0.00597654
8500 0.00590077
8600 0.00582684
8700 0.00575471
8800 0.0056843
8900 0.00561556
9000 0.00554842
9100 0.00548284
9200 0.00541875
9300 0.00535611
9400 0.00529488
9500 0.005235
9600 0.00517643
9700 0.00511913
9800 0.00506306
9900 0.00500817
10000 0.00495445
10100 0.00490183
10200 0.0048503
10300 0.00479983
10400 0.00475037
10500 0.0047019
10600 0.00465438
10700 0.0046078
10800 0.00456213
10900 0.00451733
11000 0.00447339
11100 0.00443028
11200 0.00438798
11300 0.00434646
11400 0.0043057
11500 0.00426569
11600 0.0042264
11700 0.00418781
11800 0.00414991
11900 0.00411267
12000 0.00407609
12100 0.00404013
12200 0.0040048
12300 0.00397007
12400 0.00393592
12500 0.00390234
12600 0.00386932
12700 0.00383685
12800 0.00380491
12900 0.00377348
13000 0.00374256
13100 0.00371214
13200 0.00368219
13300 0.00365272
13400 0.00362371
13500 0.00359514
13600 0.00356702
13700 0.00353932
13800 0.00351204
13900 0.00348518
14000 0.00345871
14100 0.00343264
14200 0.00340695
14300 0.00338163
14400 0.00335669
14500 0.0033321
14600 0.00330786
14700 0.00328397
14800 0.00326041
14900 0.00323718
15000 0.00321428
15100 0.00319169
15200 0.00316942
15300 0.00314745
15400 0.00312577
15500 0.00310439
15600 0.00308329
15700 0.00306247
15800 0.00304193
15900 0.00302166
16000 0.00300165
16100 0.0029819
16200 0.0029624
16300 0.00294315
16400 0.00292415
16500 0.00290539
16600 0.00288686
16700 0.00286857
16800 0.0028505
16900 0.00283265
17000 0.00281502
17100 0.00279761
17200 0.00278041
17300 0.00276341
17400 0.00274662
17500 0.00273003
17600 0.00271363
17700 0.00269743
17800 0.00268142
17900 0.00266559
18000 0.00264994
18100 0.00263448
18200 0.00261919
18300 0.00260408
18400 0.00258913
18500 0.00257436
18600 0.00255975
18700 0.0025453
18800 0.00253101
18900 0.00251688
19000 0.00250291
19100 0.00248908
19200 0.00247541
19300 0.00246188
19400 0.0024485
19500 0.00243526
19600 0.00242216
19700 0.0024092
19800 0.00239637
19900 0.00238368
20000 0.00237112
20100 0.00235869
20200 0.00234639
20300 0.00233421
20400 0.00232216
20500 0.00231023
20600 0.00229842
20700 0.00228673
20800 0.00227516
20900 0.0022637
21000 0.00225235
21100 0.00224112
21200 0.00222999
21300 0.00221897
21400 0.00220806
21500 0.00219726
21600 0.00218656
21700 0.00217596
21800 0.00216546
21900 0.00215507
22000 0.00214477
22100 0.00213456
22200 0.00212446
22300 0.00211444
22400 0.00210452
22500 0.00209469
22600 0.00208495
22700 0.0020753
22800 0.00206574
22900 0.00205626
23000 0.00204687
23100 0.00203756
23200 0.00202834
23300 0.0020192
23400 0.00201014
23500 0.00200116
23600 0.00199225
23700 0.00198343
23800 0.00197468
23900 0.00196601
24000 0.00195741
24100 0.00194889
24200 0.00194044
24300 0.00193206
24400 0.00192376
24500 0.00191552
24600 0.00190735
24700 0.00189926
24800 0.00189122
24900 0.00188326
25000 0.00187536
25100 0.00186753
25200 0.00185976
25300 0.00185205
25400 0.00184441
25500 0.00183683
25600 0.00182931
25700 0.00182185
25800 0.00181445
25900 0.00180712
26000 0.00179983
26100 0.00179261
26200 0.00178544
26300 0.00177833
26400 0.00177128
26500 0.00176428
26600 0.00175733
26700 0.00175044
26800 0.00174361
26900 0.00173682
27000 0.00173009
27100 0.0017234
27200 0.00171677
27300 0.00171019
27400 0.00170366
27500 0.00169718
27600 0.00169074
27700 0.00168436
27800 0.00167802
27900 0.00167173
28000 0.00166548
28100 0.00165928
28200 0.00165313
28300 0.00164702
28400 0.00164096
28500 0.00163494
28600 0.00162896
28700 0.00162303
28800 0.00161714
28900 0.00161129
29000 0.00160548
29100 0.00159971
29200 0.00159399
29300 0.0015883
29400 0.00158266
29500 0.00157705
29600 0.00157149
29700 0.00156596
29800 0.00156047
29900 0.00155502
30000 0.0015496
30100 0.00154423
30200 0.00153889
30300 0.00153358
30400 0.00152832
30500 0.00152308
30600 0.00151789
30700 0.00151273
30800 0.0015076
30900 0.0015025
31000 0.00149745
31100 0.00149242
31200 0.00148743
31300 0.00148247
31400 0.00147754
31500 0.00147265
31600 0.00146778
31700 0.00146295
31800 0.00145815
31900 0.00145339
32000 0.00144865
32100 0.00144394
32200 0.00143926
32300 0.00143462
32400 0.00143
32500 0.00142541
32600 0.00142085
32700 0.00141632
32800 0.00141182
32900 0.00140734
33000 0.0014029
33100 0.00139848
33200 0.00139409
33300 0.00138973
33400 0.00138539
33500 0.00138108
33600 0.00137679
33700 0.00137254
33800 0.00136831
33900 0.0013641
34000 0.00135992
34100 0.00135577
34200 0.00135164
34300 0.00134753
34400 0.00134345
34500 0.00133939
34600 0.00133536
34700 0.00133135
34800 0.00132737
34900 0.00132341
35000 0.00131947
35100 0.00131556
35200 0.00131167
35300 0.0013078
35400 0.00130395
35500 0.00130013
35600 0.00129632
35700 0.00129255
35800 0.00128879
35900 0.00128505
36000 0.00128134
36100 0.00127764
36200 0.00127397
36300 0.00127032
36400 0.00126669
36500 0.00126307
36600 0.00125948
36700 0.00125591
36800 0.00125236
36900 0.00124883
37000 0.00124532
37100 0.00124183
37200 0.00123836
37300 0.0012349
37400 0.00123147
37500 0.00122805
37600 0.00122466
37700 0.00122128
37800 0.00121792
37900 0.00121458
38000 0.00121126
38100 0.00120795
38200 0.00120466
38300 0.00120139
38400 0.00119814
38500 0.00119491
38600 0.00119169
38700 0.00118849
38800 0.0011853
38900 0.00118214
39000 0.00117899
39100 0.00117585
39200 0.00117274
39300 0.00116964
39400 0.00116655
39500 0.00116348
39600 0.00116043
39700 0.00115739
39800 0.00115437
39900 0.00115137
40000 0.00114838
40100 0.0011454
40200 0.00114244
40300 0.0011395
40400 0.00113657
40500 0.00113366
40600 0.00113076
40700 0.00112787
40800 0.001125
40900 0.00112214
41000 0.0011193
41100 0.00111648
41200 0.00111366
41300 0.00111086
41400 0.00110808
41500 0.00110531
41600 0.00110255
41700 0.0010998
41800 0.00109707
41900 0.00109435
42000 0.00109165
42100 0.00108896
42200 0.00108628
42300 0.00108362
42400 0.00108096
42500 0.00107833
42600 0.0010757
42700 0.00107308
42800 0.00107048
42900 0.00106789
43000 0.00106532
43100 0.00106275
43200 0.0010602
43300 0.00105766
43400 0.00105513
43500 0.00105262
43600 0.00105012
43700 0.00104762
43800 0.00104514
43900 0.00104267
44000 0.00104022
44100 0.00103777
44200 0.00103534
44300 0.00103291
44400 0.0010305
44500 0.0010281
44600 0.00102571
44700 0.00102333
44800 0.00102096
44900 0.00101861
45000 0.00101626
45100 0.00101392
45200 0.0010116
45300 0.00100928
45400 0.00100698
45500 0.00100469
45600 0.0010024
45700 0.00100013
45800 0.000997866
45900 0.000995613
46000 0.00099337
46100 0.000991138
46200 0.000988915
46300 0.000986702
46400 0.000984499
46500 0.000982305
46600 0.000980121
46700 0.000977947
46800 0.000975782
46900 0.000973627
47000 0.000971481
47100 0.000969345
47200 0.000967218
47300 0.0009651
47400 0.000962991
47500 0.000960892
47600 0.000958801
47700 0.000956719
47800 0.000954647
47900 0.000952583
48000 0.000950528
48100 0.000948482
48200 0.000946444
48300 0.000944416
48400 0.000942395
48500 0.000940384
48600 0.000938381
48700 0.000936386
48800 0.0009344
48900 0.000932422
49000 0.000930452
49100 0.00092849
49200 0.000926537
49300 0.000924592
49400 0.000922655
49500 0.000920726
49600 0.000918805
49700 0.000916891
49800 0.000914986
49900 0.000913089
50000 0.000911199
50100 0.000909317
50200 0.000907443
50300 0.000905576
50400 0.000903717
50500 0.000901866
50600 0.000900022
50700 0.000898185
50800 0.000896356
50900 0.000894535
51000 0.00089272
51100 0.000890913
51200 0.000889113
51300 0.000887321
51400 0.000885535
51500 0.000883757
51600 0.000881985
51700 0.000880221
51800 0.000878464
51900 0.000876713
52000 0.00087497
52100 0.000873233
52200 0.000871503
52300 0.00086978
52400 0.000868064
52500 0.000866354
52600 0.000864651
52700 0.000862955
52800 0.000861265
52900 0.000859582
53000 0.000857906
53100 0.000856235
53200 0.000854572
53300 0.000852914
53400 0.000851263
53500 0.000849619
53600 0.00084798
53700 0.000846348
53800 0.000844722
53900 0.000843102
54000 0.000841489
54100 0.000839881
54200 0.00083828
54300 0.000836685
54400 0.000835095
54500 0.000833512
54600 0.000831935
54700 0.000830363
54800 0.000828797
54900 0.000827238
55000 0.000825684
55100 0.000824135
55200 0.000822593
55300 0.000821056
55400 0.000819525
55500 0.000818
55600 0.00081648
55700 0.000814966
55800 0.000813457
55900 0.000811954
56000 0.000810456
56100 0.000808964
56200 0.000807478
56300 0.000805996
56400 0.00080452
56500 0.00080305
56600 0.000801585
56700 0.000800125
56800 0.00079867
56900 0.00079722
57000 0.000795776
57100 0.000794337
57200 0.000792903
57300 0.000791474
57400 0.000790051
57500 0.000788632
57600 0.000787219
57700 0.00078581
57800 0.000784406
57900 0.000783008
58000 0.000781614
58100 0.000780225
58200 0.000778842
58300 0.000777463
58400 0.000776088
58500 0.000774719
58600 0.000773355
58700 0.000771995
58800 0.00077064
58900 0.000769289
59000 0.000767944
59100 0.000766603
59200 0.000765266
59300 0.000763934
59400 0.000762607
59500 0.000761285
59600 0.000759967
59700 0.000758653
59800 0.000757344
59900 0.000756039
60000 0.000754739
60100 0.000753443
60200 0.000752152
60300 0.000750865
60400 0.000749583
60500 0.000748305
60600 0.000747031
60700 0.000745761
60800 0.000744496
60900 0.000743235
61000 0.000741978
61100 0.000740725
61200 0.000739477
61300 0.000738232
61400 0.000736992
61500 0.000735756
61600 0.000734524
61700 0.000733297
61800 0.000732073
61900 0.000730853
62000 0.000729637
62100 0.000728426
62200 0.000727218
62300 0.000726014
62400 0.000724815
62500 0.000723619
62600 0.000722427
62700 0.000721239
62800 0.000720055
62900 0.000718874
63000 0.000717698
63100 0.000716525
63200 0.000715356
63300 0.000714191
63400 0.00071303
63500 0.000711872
63600 0.000710718
63700 0.000709568
63800 0.000708422
63900 0.000707279
64000 0.00070614
64100 0.000705004
64200 0.000703872
64300 0.000702744
64400 0.000701619
64500 0.000700498
64600 0.00069938
64700 0.000698266
64800 0.000697156
64900 0.000696049
65000 0.000694945
65100 0.000693845
65200 0.000692748
65300 0.000691655
65400 0.000690565
65500 0.000689479
65600 0.000688396
65700 0.000687316
65800 0.00068624
65900 0.000685167
66000 0.000684097
66100 0.000683031
66200 0.000681968
66300 0.000680908
66400 0.000679852
66500 0.000678799
66600 0.000677749
66700 0.000676702
66800 0.000675658
66900 0.000674618
67000 0.000673581
67100 0.000672546
67200 0.000671516
67300 0.000670488
67400 0.000669463
67500 0.000668442
67600 0.000667423
67700 0.000666408
67800 0.000665395
67900 0.000664386
68000 0.00066338
68100 0.000662377
68200 0.000661376
68300 0.000660379
68400 0.000659385
68500 0.000658394
68600 0.000657405
68700 0.00065642
68800 0.000655438
68900 0.000654458
69000 0.000653481
69100 0.000652508
69200 0.000651537
69300 0.000650569
69400 0.000649604
69500 0.000648641
69600 0.000647682
69700 0.000646725
69800 0.000645771
69900 0.00064482
70000 0.000643872
70100 0.000642926
70200 0.000641983
70300 0.000641043
70400 0.000640106
70500 0.000639171
70600 0.000638239
70700 0.00063731
70800 0.000636384
70900 0.00063546
71000 0.000634539
71100 0.00063362
71200 0.000632704
71300 0.000631791
71400 0.00063088
71500 0.000629972
71600 0.000629067
71700 0.000628164
71800 0.000627263
71900 0.000626366
72000 0.00062547
72100 0.000624578
72200 0.000623687
72300 0.0006228
72400 0.000621915
72500 0.000621032
72600 0.000620152
72700 0.000619274
72800 0.000618399
72900 0.000617526
73000 0.000616656
73100 0.000615788
73200 0.000614922
73300 0.000614059
73400 0.000613199
73500 0.00061234
73600 0.000611484
73700 0.000610631
73800 0.00060978
73900 0.000608931
74000 0.000608084
74100 0.00060724
74200 0.000606398
74300 0.000605559
74400 0.000604722
74500 0.000603887
74600 0.000603054
74700 0.000602224
74800 0.000601396
74900 0.00060057
75000 0.000599746
75100 0.000598925
75200 0.000598106
75300 0.000597289
75400 0.000596474
75500 0.000595662
75600 0.000594852
75700 0.000594044
75800 0.000593238
75900 0.000592434
76000 0.000591632
76100 0.000590833
76200 0.000590036
76300 0.000589241
76400 0.000588448
76500 0.000587657
76600 0.000586868
76700 0.000586081
76800 0.000585297
76900 0.000584514
77000 0.000583734
77100 0.000582955
77200 0.000582179
77300 0.000581405
77400 0.000580632
77500 0.000579862
77600 0.000579094
77700 0.000578328
77800 0.000577564
77900 0.000576802
78000 0.000576041
78100 0.000575283
78200 0.000574527
78300 0.000573773
78400 0.000573021
78500 0.00057227
78600 0.000571522
78700 0.000570776
78800 0.000570031
78900 0.000569289
79000 0.000568548
79100 0.000567809
79200 0.000567072
79300 0.000566337
79400 0.000565604
79500 0.000564873
79600 0.000564144
79700 0.000563417
79800 0.000562691
79900 0.000561967
80000 0.000561246
80100 0.000560526
80200 0.000559807
80300 0.000559091
80400 0.000558377
80500 0.000557664
80600 0.000556953
80700 0.000556244
80800 0.000555537
80900 0.000554831
81000 0.000554127
81100 0.000553425
81200 0.000552725
81300 0.000552027
81400 0.00055133
81500 0.000550635
81600 0.000549942
81700 0.00054925
81800 0.00054856
81900 0.000547872
82000 0.000547186
82100 0.000546501
82200 0.000545818
82300 0.000545137
82400 0.000544458
82500 0.00054378
82600 0.000543104
82700 0.000542429
82800 0.000541756
82900 0.000541085
83000 0.000540415
83100 0.000539747
83200 0.000539081
83300 0.000538416
83400 0.000537753
83500 0.000537092
83600 0.000536432
83700 0.000535774
83800 0.000535117
83900 0.000534462
84000 0.000533809
84100 0.000533157
84200 0.000532507
84300 0.000531858
84400 0.000531211
84500 0.000530566
84600 0.000529922
84700 0.000529279
84800 0.000528638
84900 0.000527999
85000 0.000527361
85100 0.000526725
85200 0.00052609
85300 0.000525457
85400 0.000524825
85500 0.000524195
85600 0.000523566
85700 0.000522939
85800 0.000522313
85900 0.000521689
86000 0.000521066
86100 0.000520445
86200 0.000519825
86300 0.000519207
86400 0.00051859
86500 0.000517975
86600 0.000517361
86700 0.000516748
86800 0.000516137
86900 0.000515527
87000 0.000514919
87100 0.000514312
87200 0.000513707
87300 0.000513103
87400 0.0005125
87500 0.000511899
87600 0.000511299
87700 0.000510701
87800 0.000510104
87900 0.000509508
88000 0.000508914
88100 0.000508321
88200 0.00050773
88300 0.00050714
88400 0.000506551
88500 0.000505964
88600 0.000505378
88700 0.000504793
88800 0.00050421
88900 0.000503628
89000 0.000503047
89100 0.000502468
89200 0.00050189
89300 0.000501313
89400 0.000500737
89500 0.000500163
89600 0.000499591
89700 0.000499019
89800 0.000498449
89900 0.00049788
90000 0.000497312
90100 0.000496746
90200 0.000496181
90300 0.000495617
90400 0.000495055
90500 0.000494494
90600 0.000493934
90700 0.000493375
90800 0.000492818
90900 0.000492261
91000 0.000491706
91100 0.000491153
91200 0.0004906
91300 0.000490049
91400 0.000489499
91500 0.00048895
91600 0.000488403
91700 0.000487856
91800 0.000487311
91900 0.000486767
92000 0.000486225
92100 0.000485683
92200 0.000485143
92300 0.000484604
92400 0.000484066
92500 0.000483529
92600 0.000482993
92700 0.000482459
92800 0.000481926
92900 0.000481394
93000 0.000480863
93100 0.000480333
93200 0.000479805
93300 0.000479277
93400 0.000478751
93500 0.000478226
93600 0.000477702
93700 0.000477179
93800 0.000476657
93900 0.000476137
94000 0.000475617
94100 0.000475099
94200 0.000474582
94300 0.000474066
94400 0.000473551
94500 0.000473037
94600 0.000472524
94700 0.000472013
94800 0.000471502
94900 0.000470993
95000 0.000470484
95100 0.000469977
95200 0.000469471
95300 0.000468966
95400 0.000468462
95500 0.000467959
95600 0.000467457
95700 0.000466956
95800 0.000466457
95900 0.000465958
96000 0.00046546
96100 0.000464964
96200 0.000464468
96300 0.000463974
96400 0.00046348
96500 0.000462988
96600 0.000462497
96700 0.000462006
96800 0.000461517
96900 0.000461029
97000 0.000460542
97100 0.000460056
97200 0.00045957
97300 0.000459086
97400 0.000458603
97500 0.000458121
97600 0.00045764
97700 0.00045716
97800 0.000456681
97900 0.000456203
98000 0.000455725
98100 0.000455249
98200 0.000454774
98300 0.0004543
98400 0.000453827
98500 0.000453355
98600 0.000452883
98700 0.000452413
98800 0.000451944
98900 0.000451476
99000 0.000451008
99100 0.000450542
99200 0.000450076
99300 0.000449612
99400 0.000449148
99500 0.000448686
99600 0.000448224
99700 0.000447763
99800 0.000447304
99900 0.000446845
