-2 -2 0.000449251
-2 -1.91837 0.000488896
-2 -1.83673 0.000551662
-2 -1.7551 0.000658613
-2 -1.67347 0.000860427
-2 -1.59184 0.00130117
-2 -1.5102 0.00249434
-2 -1.42857 0.00691918
-2 -1.34694 0.0318508
-2 -1.26531 0.21977
-2 -1.18367 0.782413
-2 -1.10204 0.977077
-2 -1.02041 0.996712
-2 -0.938776 0.999127
-2 -0.857143 0.999613
-2 -0.77551 0.999761
-2 -0.693878 0.999819
-2 -0.612245 0.999847
-2 -0.530612 0.999862
-2 -0.44898 0.999871
-2 -0.367347 0.999876
-2 -0.285714 0.99988
-2 -0.204082 0.999882
-2 -0.122449 0.999884
-2 -0.0408163 0.999885
-2 0.0408163 0.999886
-2 0.122449 0.999887
-2 0.204082 0.999887
-2 0.285714 0.999887
-2 0.367347 0.999888
-2 0.44898 0.999888
-2 0.530612 0.999888
-2 0.612245 0.999888
-2 0.693878 0.999888
-2 0.77551 0.999888
-2 0.857143 0.999889
-2 0.938776 0.999889
-2 1.02041 0.999889
-2 1.10204 0.999889
-2 1.18367 0.999889
-2 1.26531 0.999889
-2 1.34694 0.999889
-2 1.42857 0.999889
-2 1.5102 0.999889
-2 1.59184 0.999889
-2 1.67347 0.999889
-2 1.7551 0.999889
-2 1.83673 0.999889
-2 1.91837 0.999889
-2 2 0.999889
-1.91837 -2 0.000433264
-1.91837 -1.91837 0.00046473
-1.91837 -1.83673 0.000513006
-1.91837 -1.7551 0.000591842
-1.91837 -1.67347 0.000732034
-1.91837 -1.59184 0.00101312
-1.91837 -1.5102 0.00168405
-1.91837 -1.42857 0.00375648
-1.91837 -1.34694 0.0130138
-1.91837 -1.26531 0.0763376
-1.91837 -1.18367 0.473073
-1.91837 -1.10204 0.922708
-1.91837 -1.02041 0.991486
-1.91837 -0.938776 0.998374
-1.91837 -0.857143 0.999439
-1.91837 -0.77551 0.999703
-1.91837 -0.693878 0.999795
-1.91837 -0.612245 0.999835
-1.91837 -0.530612 0.999856
-1.91837 -0.44898 0.999867
-1.91837 -0.367347 0.999874
-1.91837 -0.285714 0.999878
-1.91837 -0.204082 0.999881
-1.91837 -0.122449 0.999883
-1.91837 -0.0408163 0.999884
-1.91837 0.0408163 0.999885
-1.91837 0.122449 0.999886
-1.91837 0.204082 0.999887
-1.91837 0.285714 0.999887
-1.91837 0.367347 0.999888
-1.91837 0.44898 0.999888
-1.91837 0.530612 0.999888
-1.91837 0.612245 0.999888
-1.91837 0.693878 0.999888
-1.91837 0.77551 0.999888
-1.91837 0.857143 0.999889
-1.91837 0.938776 0.999889
-1.91837 1.02041 0.999889
-1.91837 1.10204 0.999889
-1.91837 1.18367 0.999889
-1.91837 1.26531 0.999889
-1.91837 1.34694 0.999889
-1.91837 1.42857 0.999889
-1.91837 1.5102 0.999889
-1.91837 1.59184 0.999889
-1.91837 1.67347 0.999889
-1.91837 1.7551 0.999889
-1.91837 1.83673 0.999889
-1.91837 1.91837 0.999889
-1.91837 2 0.999889
-1.83673 -2 0.00042032
-1.83673 -1.91837 0.000445648
-1.83673 -1.83673 0.000483472
-1.83673 -1.7551 0.000543057
-1.83673 -1.67347 0.000643914
-1.83673 -1.59184 0.000832473
-1.83673 -1.5102 0.00123886
-1.83673 -1.42857 0.00231848
-1.83673 -1.34694 0.00622132
-1.83673 -1.26531 0.027635
-1.83673 -1.18367 0.191126
-1.83673 -1.10204 0.751428
-1.83673 -1.02041 0.973805
-1.83673 -0.938776 0.99641
-1.83673 -0.857143 0.999082
-1.83673 -0.77551 0.999603
-1.83673 -0.693878 0.999757
-1.83673 -0.612245 0.999818
-1.83673 -0.530612 0.999847
-1.83673 -0.44898 0.999862
-1.83673 -0.367347 0.999871
-1.83673 -0.285714 0.999876
-1.83673 -0.204082 0.99988
-1.83673 -0.122449 0.999882
-1.83673 -0.0408163 0.999884
-1.83673 0.0408163 0.999885
-1.83673 0.122449 0.999886
-1.83673 0.204082 0.999887
-1.83673 0.285714 0.999887
-1.83673 0.367347 0.999887
-1.83673 0.44898 0.999888
-1.83673 0.530612 0.999888
-1.83673 0.612245 0.999888
-1.83673 0.693878 0.999888
-1.83673 0.77551 0.999888
-1.83673 0.857143 0.999888
-1.83673 0.938776 0.999889
-1.83673 1.02041 0.999889
-1.83673 1.10204 0.999889
-1.83673 1.18367 0.999889
-1.83673 1.26531 0.999889
-1.83673 1.34694 0.999889
-1.83673 1.42857 0.999889
-1.83673 1.5102 0.999889
-1.83673 1.59184 0.999889
-1.83673 1.67347 0.999889
-1.83673 1.7551 0.999889
-1.83673 1.83673 0.999889
-1.83673 1.91837 0.999889
-1.83673 2 0.999889
-1.7551 -2 0.000409701
-1.7551 -1.91837 0.000430339
-1.7551 -1.83673 0.000460446
-1.7551 -1.7551 0.00050644
-1.7551 -1.67347 0.000581133
-1.7551 -1.59184 0.000712945
-1.7551 -1.5102 0.000974395
-1.7551 -1.42857 0.00158888
-1.7551 -1.34694 0.00344581
-1.7551 -1.26531 0.0115137
-1.7551 -1.18367 0.0656843
-1.7551 -1.10204 0.428642
-1.7551 -1.02041 0.910443
-1.7551 -0.938776 0.990455
-1.7551 -0.857143 0.998257
-1.7551 -0.77551 0.999417
-1.7551 -0.693878 0.999697
-1.7551 -0.612245 0.999793
-1.7551 -0.530612 0.999834
-1.7551 -0.44898 0.999855
-1.7551 -0.367347 0.999867
-1.7551 -0.285714 0.999874
-1.7551 -0.204082 0.999878
-1.7551 -0.122449 0.999881
-1.7551 -0.0408163 0.999883
-1.7551 0.0408163 0.999884
-1.7551 0.122449 0.999885
-1.7551 0.204082 0.999886
-1.7551 0.285714 0.999887
-1.7551 0.367347 0.999887
-1.7551 0.44898 0.999888
-1.7551 0.530612 0.999888
-1.7551 0.612245 0.999888
-1.7551 0.693878 0.999888
-1.7551 0.77551 0.999888
-1.7551 0.857143 0.999888
-1.7551 0.938776 0.999889
-1.7551 1.02041 0.999889
-1.7551 1.10204 0.999889
-1.7551 1.18367 0.999889
-1.7551 1.26531 0.999889
-1.7551 1.34694 0.999889
-1.7551 1.42857 0.999889
-1.7551 1.5102 0.999889
-1.7551 1.59184 0.999889
-1.7551 1.67347 0.999889
-1.7551 1.7551 0.999889
-1.7551 1.83673 0.999889
-1.7551 1.91837 0.999889
-1.7551 2 0.999889
-1.67347 -2 0.000400873
-1.67347 -1.91837 0.000417872
-1.67347 -1.83673 0.000442165
-1.67347 -1.7551 0.000478308
-1.67347 -1.67347 0.000534978
-1.67347 -1.59184 0.00063029
-1.67347 -1.5102 0.000806914
-1.67347 -1.42857 0.0011828
-1.67347 -1.34694 0.00216339
-1.67347 -1.26531 0.00562049
-1.67347 -1.18367 0.0240707
-1.67347 -1.10204 0.165673
-1.67347 -1.02041 0.717056
-1.67347 -0.938776 0.969905
-1.67347 -0.857143 0.996055
-1.67347 -0.77551 0.99903
-1.67347 -0.693878 0.999591
-1.67347 -0.612245 0.999754
-1.67347 -0.530612 0.999817
-1.67347 -0.44898 0.999846
-1.67347 -0.367347 0.999861
-1.67347 -0.285714 0.99987
-1.67347 -0.204082 0.999876
-1.67347 -0.122449 0.99988
-1.67347 -0.0408163 0.999882
-1.67347 0.0408163 0.999884
-1.67347 0.122449 0.999885
-1.67347 0.204082 0.999886
-1.67347 0.285714 0.999887
-1.67347 0.367347 0.999887
-1.67347 0.44898 0.999887
-1.67347 0.530612 0.999888
-1.67347 0.612245 0.999888
-1.67347 0.693878 0.999888
-1.67347 0.77551 0.999888
-1.67347 0.857143 0.999888
-1.67347 0.938776 0.999888
-1.67347 1.02041 0.999889
-1.67347 1.10204 0.999889
-1.67347 1.18367 0.999889
-1.67347 1.26531 0.999889
-1.67347 1.34694 0.999889
-1.67347 1.42857 0.999889
-1.67347 1.5102 0.999889
-1.67347 1.59184 0.999889
-1.67347 1.67347 0.999889
-1.67347 1.7551 0.999889
-1.67347 1.83673 0.999889
-1.67347 1.91837 0.999889
-1.67347 2 0.999889
-1.59184 -2 0.000393432
-1.59184 -1.91837 0.000407567
-1.59184 -1.83673 0.000427403
-1.59184 -1.7551 0.000456242
-1.59184 -1.67347 0.000500119
-1.59184 -1.59184 0.000570991
-1.59184 -1.5102 0.000695147
-1.59184 -1.42857 0.000938879
-1.59184 -1.34694 0.00150324
-1.59184 -1.26531 0.00317272
-1.59184 -1.18367 0.0102273
-1.59184 -1.10204 0.0565759
-1.59184 -1.02041 0.385056
-1.59184 -0.938776 0.89594
-1.59184 -0.857143 0.989224
-1.59184 -0.77551 0.998119
-1.59184 -0.693878 0.999392
-1.59184 -0.612245 0.99969
-1.59184 -0.530612 0.99979
-1.59184 -0.44898 0.999833
-1.59184 -0.367347 0.999854
-1.59184 -0.285714 0.999866
-1.59184 -0.204082 0.999873
-1.59184 -0.122449 0.999878
-1.59184 -0.0408163 0.999881
-1.59184 0.0408163 0.999883
-1.59184 0.122449 0.999884
-1.59184 0.204082 0.999885
-1.59184 0.285714 0.999886
-1.59184 0.367347 0.999887
-1.59184 0.44898 0.999887
-1.59184 0.530612 0.999888
-1.59184 0.612245 0.999888
-1.59184 0.693878 0.999888
-1.59184 0.77551 0.999888
-1.59184 0.857143 0.999888
-1.59184 0.938776 0.999888
-1.59184 1.02041 0.999889
-1.59184 1.10204 0.999889
-1.59184 1.18367 0.999889
-1.59184 1.26531 0.999889
-1.59184 1.34694 0.999889
-1.59184 1.42857 0.999889
-1.59184 1.5102 0.999889
-1.59184 1.59184 0.999889
-1.59184 1.67347 0.999889
-1.59184 1.7551 0.999889
-1.59184 1.83673 0.999889
-1.59184 1.91837 0.999889
-1.59184 2 0.999889
-1.5102 -2 0.000387058
-1.5102 -1.91837 0.000398914
-1.5102 -1.83673 0.00041528
-1.5102 -1.7551 0.000438596
-1.5102 -1.67347 0.000473157
-1.5102 -1.59184 0.000527093
-1.5102 -1.5102 0.000617252
-1.5102 -1.42857 0.000782906
-1.5102 -1.34694 0.00113118
-1.5102 -1.26531 0.00202378
-1.5102 -1.18367 0.00509368
-1.5102 -1.10204 0.0210133
-1.5102 -1.02041 0.143009
-1.5102 -0.938776 0.678952
-1.5102 -0.857143 0.965185
-1.5102 -0.77551 0.995632
-1.5102 -0.693878 0.99897
-1.5102 -0.612245 0.999577
-1.5102 -0.530612 0.999749
-1.5102 -0.44898 0.999815
-1.5102 -0.367347 0.999845
-1.5102 -0.285714 0.999861
-1.5102 -0.204082 0.99987
-1.5102 -0.122449 0.999876
-1.5102 -0.0408163 0.99988
-1.5102 0.0408163 0.999882
-1.5102 0.122449 0.999884
-1.5102 0.204082 0.999885
-1.5102 0.285714 0.999886
-1.5102 0.367347 0.999886
-1.5102 0.44898 0.999887
-1.5102 0.530612 0.999887
-1.5102 0.612245 0.999888
-1.5102 0.693878 0.999888
-1.5102 0.77551 0.999888
-1.5102 0.857143 0.999888
-1.5102 0.938776 0.999888
-1.5102 1.02041 0.999889
-1.5102 1.10204 0.999889
-1.5102 1.18367 0.999889
-1.5102 1.26531 0.999889
-1.5102 1.34694 0.999889
-1.5102 1.42857 0.999889
-1.5102 1.5102 0.999889
-1.5102 1.59184 0.999889
-1.5102 1.67347 0.999889
-1.5102 1.7551 0.999889
-1.5102 1.83673 0.999889
-1.5102 1.91837 0.999889
-1.5102 2 0.999889
-1.42857 -2 0.000381494
-1.42857 -1.91837 0.000391517
-1.42857 -1.83673 0.000405146
-1.42857 -1.7551 0.000424212
-1.42857 -1.67347 0.000451835
-1.42857 -1.59184 0.000493688
-1.42857 -1.5102 0.000560934
-1.42857 -1.42857 0.0006779
-1.42857 -1.34694 0.000905219
-1.42857 -1.26531 0.00142398
-1.42857 -1.18367 0.00292661
-1.42857 -1.10204 0.00910039
-1.42857 -1.02041 0.0486744
-1.42857 -0.938776 0.342376
-1.42857 -0.857143 0.878535
-1.42857 -0.77551 0.987723
-1.42857 -0.693878 0.997956
-1.42857 -0.612245 0.999362
-1.42857 -0.530612 0.999681
-1.42857 -0.44898 0.999787
-1.42857 -0.367347 0.999832
-1.42857 -0.285714 0.999854
-1.42857 -0.204082 0.999866
-1.42857 -0.122449 0.999873
-1.42857 -0.0408163 0.999878
-1.42857 0.0408163 0.999881
-1.42857 0.122449 0.999883
-1.42857 0.204082 0.999884
-1.42857 0.285714 0.999885
-1.42857 0.367347 0.999886
-1.42857 0.44898 0.999887
-1.42857 0.530612 0.999887
-1.42857 0.612245 0.999888
-1.42857 0.693878 0.999888
-1.42857 0.77551 0.999888
-1.42857 0.857143 0.999888
-1.42857 0.938776 0.999888
-1.42857 1.02041 0.999888
-1.42857 1.10204 0.999889
-1.42857 1.18367 0.999889
-1.42857 1.26531 0.999889
-1.42857 1.34694 0.999889
-1.42857 1.42857 0.999889
-1.42857 1.5102 0.999889
-1.42857 1.59184 0.999889
-1.42857 1.67347 0.999889
-1.42857 1.7551 0.999889
-1.42857 1.83673 0.999889
-1.42857 1.91837 0.999889
-1.42857 2 0.999889
-1.34694 -2 0.000376518
-1.34694 -1.91837 0.000385057
-1.34694 -1.83673 0.000396504
-1.34694 -1.7551 0.000412251
-1.34694 -1.67347 0.000434607
-1.34694 -1.59184 0.000467618
-1.34694 -1.5102 0.000518894
-1.34694 -1.42857 0.000604084
-1.34694 -1.34694 0.0007593
-1.34694 -1.26531 0.00108173
-1.34694 -1.18367 0.00189375
-1.34694 -1.10204 0.00461791
-1.34694 -1.02041 0.0183262
-1.34694 -0.938776 0.122584
-1.34694 -0.857143 0.636359
-1.34694 -0.77551 0.959318
-1.34694 -0.693878 0.995114
-1.34694 -0.612245 0.998898
-1.34694 -0.530612 0.999561
-1.34694 -0.44898 0.999744
-1.34694 -0.367347 0.999812
-1.34694 -0.285714 0.999844
-1.34694 -0.204082 0.99986
-1.34694 -0.122449 0.99987
-1.34694 -0.0408163 0.999876
-1.34694 0.0408163 0.999879
-1.34694 0.122449 0.999882
-1.34694 0.204082 0.999884
-1.34694 0.285714 0.999885
-1.34694 0.367347 0.999886
-1.34694 0.44898 0.999886
-1.34694 0.530612 0.999887
-1.34694 0.612245 0.999887
-1.34694 0.693878 0.999888
-1.34694 0.77551 0.999888
-1.34694 0.857143 0.999888
-1.34694 0.938776 0.999888
-1.34694 1.02041 0.999888
-1.34694 1.10204 0.999889
-1.34694 1.18367 0.999889
-1.34694 1.26531 0.999889
-1.34694 1.34694 0.999889
-1.34694 1.42857 0.999889
-1.34694 1.5102 0.999889
-1.34694 1.59184 0.999889
-1.34694 1.67347 0.999889
-1.34694 1.7551 0.999889
-1.34694 1.83673 0.999889
-1.34694 1.91837 0.999889
-1.34694 2 0.999889
-1.26531 -2 0.000371935
-1.26531 -1.91837 0.000379266
-1.26531 -1.83673 0.000388956
-1.26531 -1.7551 0.000402079
-1.26531 -1.67347 0.000420369
-1.26531 -1.59184 0.000446766
-1.26531 -1.5102 0.000486587
-1.26531 -1.42857 0.000550224
-1.26531 -1.34694 0.000660122
-1.26531 -1.26531 0.000871572
-1.26531 -1.18367 0.00134714
-1.26531 -1.10204 0.00269575
-1.26531 -1.02041 0.00807884
-1.26531 -0.938776 0.0416402
-1.26531 -0.857143 0.300176
-1.26531 -0.77551 0.857056
-1.26531 -0.693878 0.985825
-1.26531 -0.612245 0.997753
-1.26531 -0.530612 0.999326
-1.26531 -0.44898 0.999671
-1.26531 -0.367347 0.999783
-1.26531 -0.285714 0.99983
-1.26531 -0.204082 0.999853
-1.26531 -0.122449 0.999865
-1.26531 -0.0408163 0.999873
-1.26531 0.0408163 0.999878
-1.26531 0.122449 0.999881
-1.26531 0.204082 0.999883
-1.26531 0.285714 0.999884
-1.26531 0.367347 0.999885
-1.26531 0.44898 0.999886
-1.26531 0.530612 0.999887
-1.26531 0.612245 0.999887
-1.26531 0.693878 0.999888
-1.26531 0.77551 0.999888
-1.26531 0.857143 0.999888
-1.26531 0.938776 0.999888
-1.26531 1.02041 0.999888
-1.26531 1.10204 0.999888
-1.26531 1.18367 0.999889
-1.26531 1.26531 0.999889
-1.26531 1.34694 0.999889
-1.26531 1.42857 0.999889
-1.26531 1.5102 0.999889
-1.26531 1.59184 0.999889
-1.26531 1.67347 0.999889
-1.26531 1.7551 0.999889
-1.26531 1.83673 0.999889
-1.26531 1.91837 0.999889
-1.26531 2 0.999889
-1.18367 -2 0.000367566
-1.18367 -1.91837 0.000373908
-1.18367 -1.83673 0.000382175
-1.18367 -1.7551 0.000393202
-1.18367 -1.67347 0.000408306
-1.18367 -1.59184 0.00042966
-1.18367 -1.5102 0.000461058
-1.18367 -1.42857 0.000509585
-1.18367 -1.34694 0.000589702
-1.18367 -1.26531 0.000734427
-1.18367 -1.18367 0.00103141
-1.18367 -1.10204 0.00176608
-1.18367 -1.02041 0.00416818
-1.18367 -0.938776 0.0158737
-1.18367 -0.857143 0.103714
-1.18367 -0.77551 0.587693
-1.18367 -0.693878 0.951693
-1.18367 -0.612245 0.994449
-1.18367 -0.530612 0.998807
-1.18367 -0.44898 0.999541
-1.18367 -0.367347 0.999737
-1.18367 -0.285714 0.99981
-1.18367 -0.204082 0.999843
-1.18367 -0.122449 0.99986
-1.18367 -0.0408163 0.999869
-1.18367 0.0408163 0.999875
-1.18367 0.122449 0.999879
-1.18367 0.204082 0.999882
-1.18367 0.285714 0.999884
-1.18367 0.367347 0.999885
-1.18367 0.44898 0.999886
-1.18367 0.530612 0.999886
-1.18367 0.612245 0.999887
-1.18367 0.693878 0.999887
-1.18367 0.77551 0.999888
-1.18367 0.857143 0.999888
-1.18367 0.938776 0.999888
-1.18367 1.02041 0.999888
-1.18367 1.10204 0.999888
-1.18367 1.18367 0.999889
-1.18367 1.26531 0.999889
-1.18367 1.34694 0.999889
-1.18367 1.42857 0.999889
-1.18367 1.5102 0.999889
-1.18367 1.59184 0.999889
-1.18367 1.67347 0.999889
-1.18367 1.7551 0.999889
-1.18367 1.83673 0.999889
-1.18367 1.91837 0.999889
-1.18367 2 0.999889
-1.10204 -2 0.000363238
-1.10204 -1.91837 0.000368771
-1.10204 -1.83673 0.000375879
-1.10204 -1.7551 0.000385215
-1.10204 -1.67347 0.000397794
-1.10204 -1.59184 0.00041524
-1.10204 -1.5102 0.000440306
-1.10204 -1.42857 0.000477937
-1.10204 -1.34694 0.000537725
-1.10204 -1.26531 0.0006402
-1.10204 -1.18367 0.000835312
-1.10204 -1.10204 0.00126752
-1.10204 -1.02041 0.0024662
-1.10204 -0.938776 0.00710551
-1.10204 -0.857143 0.0351265
-1.10204 -0.77551 0.257448
-1.10204 -0.693878 0.829256
-1.10204 -0.612245 0.983282
-1.10204 -0.530612 0.99749
-1.10204 -0.44898 0.99928
-1.10204 -0.367347 0.999659
-1.10204 -0.285714 0.999779
-1.10204 -0.204082 0.999828
-1.10204 -0.122449 0.999852
-1.10204 -0.0408163 0.999865
-1.10204 0.0408163 0.999872
-1.10204 0.122449 0.999877
-1.10204 0.204082 0.99988
-1.10204 0.285714 0.999883
-1.10204 0.367347 0.999884
-1.10204 0.44898 0.999885
-1.10204 0.530612 0.999886
-1.10204 0.612245 0.999887
-1.10204 0.693878 0.999887
-1.10204 0.77551 0.999888
-1.10204 0.857143 0.999888
-1.10204 0.938776 0.999888
-1.10204 1.02041 0.999888
-1.10204 1.10204 0.999888
-1.10204 1.18367 0.999888
-1.10204 1.26531 0.999889
-1.10204 1.34694 0.999889
-1.10204 1.42857 0.999889
-1.10204 1.5102 0.999889
-1.10204 1.59184 0.999889
-1.10204 1.67347 0.999889
-1.10204 1.7551 0.999889
-1.10204 1.83673 0.999889
-1.10204 1.91837 0.999889
-1.10204 2 0.999889
-1.02041 -2 0.000358786
-1.02041 -1.91837 0.000363658
-1.02041 -1.83673 0.000369819
-1.02041 -1.7551 0.000377784
-1.02041 -1.67347 0.000388337
-1.02041 -1.59184 0.000402711
-1.02041 -1.5102 0.000422929
-1.02041 -1.42857 0.000452503
-1.02041 -1.34694 0.000497957
-1.02041 -1.26531 0.000572482
-1.02041 -1.18367 0.00070587
-1.02041 -1.10204 0.000976018
-1.02041 -1.02041 0.00163159
-1.02041 -0.938776 0.00371614
-1.02041 -0.857143 0.0135172
-1.02041 -0.77551 0.0856151
-1.02041 -0.693878 0.529941
-1.02041 -0.612245 0.94106
-1.02041 -0.530612 0.993537
-1.02041 -0.44898 0.998687
-1.02041 -0.367347 0.999514
-1.02041 -0.285714 0.999729
-1.02041 -0.204082 0.999806
-1.02041 -0.122449 0.999841
-1.02041 -0.0408163 0.999859
-1.02041 0.0408163 0.999869
-1.02041 0.122449 0.999875
-1.02041 0.204082 0.999879
-1.02041 0.285714 0.999882
-1.02041 0.367347 0.999883
-1.02041 0.44898 0.999885
-1.02041 0.530612 0.999886
-1.02041 0.612245 0.999886
-1.02041 0.693878 0.999887
-1.02041 0.77551 0.999887
-1.02041 0.857143 0.999888
-1.02041 0.938776 0.999888
-1.02041 1.02041 0.999888
-1.02041 1.10204 0.999888
-1.02041 1.18367 0.999888
-1.02041 1.26531 0.999889
-1.02041 1.34694 0.999889
-1.02041 1.42857 0.999889
-1.02041 1.5102 0.999889
-1.02041 1.59184 0.999889
-1.02041 1.67347 0.999889
-1.02041 1.7551 0.999889
-1.02041 1.83673 0.999889
-1.02041 1.91837 0.999889
-1.02041 2 0.999889
-0.938776 -2 0.000354065
-0.938776 -1.91837 0.000358395
-0.938776 -1.83673 0.000363778
-0.938776 -1.7551 0.000370623
-0.938776 -1.67347 0.000379538
-0.938776 -1.59184 0.000391465
-0.938776 -1.5102 0.000407907
-0.938776 -1.42857 0.000431396
-0.938776 -1.34694 0.000466454
-0.938776 -1.26531 0.000521788
-0.938776 -1.18367 0.00061583
-0.938776 -1.10204 0.000792817
-0.938776 -1.02041 0.00117833
-0.938776 -0.938776 0.00222136
-0.938776 -0.857143 0.00612034
-0.938776 -0.77551 0.0287961
-0.938776 -0.693878 0.212694
-0.938776 -0.612245 0.790625
-0.938776 -0.530612 0.979565
-0.938776 -0.44898 0.997118
-0.938776 -0.367347 0.999217
-0.938776 -0.285714 0.999642
-0.938776 -0.204082 0.999773
-0.938776 -0.122449 0.999825
-0.938776 -0.0408163 0.99985
-0.938776 0.0408163 0.999864
-0.938776 0.122449 0.999872
-0.938776 0.204082 0.999877
-0.938776 0.285714 0.99988
-0.938776 0.367347 0.999882
-0.938776 0.44898 0.999884
-0.938776 0.530612 0.999885
-0.938776 0.612245 0.999886
-0.938776 0.693878 0.999887
-0.938776 0.77551 0.999887
-0.938776 0.857143 0.999887
-0.938776 0.938776 0.999888
-0.938776 1.02041 0.999888
-0.938776 1.10204 0.999888
-0.938776 1.18367 0.999888
-0.938776 1.26531 0.999888
-0.938776 1.34694 0.999889
-0.938776 1.42857 0.999889
-0.938776 1.5102 0.999889
-0.938776 1.59184 0.999889
-0.938776 1.67347 0.999889
-0.938776 1.7551 0.999889
-0.938776 1.83673 0.999889
-0.938776 1.91837 0.999889
-0.938776 2 0.999889
-0.857143 -2 0.000348964
-0.857143 -1.91837 0.000352846
-0.857143 -1.83673 0.000357584
-0.857143 -1.7551 0.000363504
-0.857143 -1.67347 0.000371081
-0.857143 -1.59184 0.000381034
-0.857143 -1.5102 0.000394491
-0.857143 -1.42857 0.000413294
-0.857143 -1.34694 0.000440628
-0.857143 -1.26531 0.000482356
-0.857143 -1.18367 0.000550223
-0.857143 -1.10204 0.000670409
-0.857143 -1.02041 0.000910184
-0.857143 -0.938776 0.00147933
-0.857143 -0.857143 0.00323165
-0.857143 -0.77551 0.0111289
-0.857143 -0.693878 0.0675616
-0.857143 -0.612245 0.458122
-0.857143 -0.530612 0.924661
-0.857143 -0.44898 0.992153
-0.857143 -0.367347 0.998513
-0.857143 -0.285714 0.999478
-0.857143 -0.204082 0.999717
-0.857143 -0.122449 0.999801
-0.857143 -0.0408163 0.999838
-0.857143 0.0408163 0.999857
-0.857143 0.122449 0.999868
-0.857143 0.204082 0.999874
-0.857143 0.285714 0.999878
-0.857143 0.367347 0.999881
-0.857143 0.44898 0.999883
-0.857143 0.530612 0.999885
-0.857143 0.612245 0.999886
-0.857143 0.693878 0.999886
-0.857143 0.77551 0.999887
-0.857143 0.857143 0.999887
-0.857143 0.938776 0.999888
-0.857143 1.02041 0.999888
-0.857143 1.10204 0.999888
-0.857143 1.18367 0.999888
-0.857143 1.26531 0.999888
-0.857143 1.34694 0.999889
-0.857143 1.42857 0.999889
-0.857143 1.5102 0.999889
-0.857143 1.59184 0.999889
-0.857143 1.67347 0.999889
-0.857143 1.7551 0.999889
-0.857143 1.83673 0.999889
-0.857143 1.91837 0.999889
-0.857143 2 0.999889
-0.77551 -2 0.000343444
-0.77551 -1.91837 0.000346939
-0.77551 -1.83673 0.00035113
-0.77551 -1.7551 0.000356274
-0.77551 -1.67347 0.00036274
-0.77551 -1.59184 0.000371081
-0.77551 -1.5102 0.000382141
-0.77551 -1.42857 0.000397274
-0.77551 -1.34694 0.000418742
-0.77551 -1.26531 0.000450557
-0.77551 -1.18367 0.000500371
-0.77551 -1.10204 0.000584183
-0.77551 -1.02041 0.000739752
-0.77551 -0.938776 0.0010719
-0.77551 -0.857143 0.00194435
-0.77551 -0.77551 0.00507131
-0.77551 -0.693878 0.0224028
-0.77551 -0.612245 0.164588
-0.77551 -0.530612 0.73198
-0.77551 -0.44898 0.973434
-0.77551 -0.367347 0.996535
-0.77551 -0.285714 0.999124
-0.77551 -0.204082 0.999618
-0.77551 -0.122449 0.999764
-0.77551 -0.0408163 0.999821
-0.77551 0.0408163 0.999848
-0.77551 0.122449 0.999863
-0.77551 0.204082 0.999871
-0.77551 0.285714 0.999876
-0.77551 0.367347 0.99988
-0.77551 0.44898 0.999882
-0.77551 0.530612 0.999884
-0.77551 0.612245 0.999885
-0.77551 0.693878 0.999886
-0.77551 0.77551 0.999887
-0.77551 0.857143 0.999887
-0.77551 0.938776 0.999887
-0.77551 1.02041 0.999888
-0.77551 1.10204 0.999888
-0.77551 1.18367 0.999888
-0.77551 1.26531 0.999888
-0.77551 1.34694 0.999888
-0.77551 1.42857 0.999889
-0.77551 1.5102 0.999889
-0.77551 1.59184 0.999889
-0.77551 1.67347 0.999889
-0.77551 1.7551 0.999889
-0.77551 1.83673 0.999889
-0.77551 1.91837 0.999889
-0.77551 2 0.999889
-0.693878 -2 0.000337565
-0.693878 -1.91837 0.000340704
-0.693878 -1.83673 0.00034441
-0.693878 -1.7551 0.000348882
-0.693878 -1.67347 0.000354405
-0.693878 -1.59184 0.000361402
-0.693878 -1.5102 0.000370508
-0.693878 -1.42857 0.000382716
-0.693878 -1.34694 0.000399644
-0.693878 -1.26531 0.000424064
-0.693878 -1.18367 0.000461041
-0.693878 -1.10204 0.000520591
-0.693878 -1.02041 0.000624684
-0.693878 -0.938776 0.000828557
-0.693878 -0.857143 0.00129947
-0.693878 -0.77551 0.00269234
-0.693878 -0.693878 0.00863974
-0.693878 -0.612245 0.0493032
-0.693878 -0.530612 0.366126
-0.693878 -0.44898 0.89585
-0.693878 -0.367347 0.989751
-0.693878 -0.285714 0.998231
-0.693878 -0.204082 0.999421
-0.693878 -0.122449 0.9997
-0.693878 -0.0408163 0.999794
-0.693878 0.0408163 0.999835
-0.693878 0.122449 0.999855
-0.693878 0.204082 0.999867
-0.693878 0.285714 0.999874
-0.693878 0.367347 0.999878
-0.693878 0.44898 0.999881
-0.693878 0.530612 0.999883
-0.693878 0.612245 0.999884
-0.693878 0.693878 0.999885
-0.693878 0.77551 0.999886
-0.693878 0.857143 0.999887
-0.693878 0.938776 0.999887
-0.693878 1.02041 0.999888
-0.693878 1.10204 0.999888
-0.693878 1.18367 0.999888
-0.693878 1.26531 0.999888
-0.693878 1.34694 0.999888
-0.693878 1.42857 0.999889
-0.693878 1.5102 0.999889
-0.693878 1.59184 0.999889
-0.693878 1.67347 0.999889
-0.693878 1.7551 0.999889
-0.693878 1.83673 0.999889
-0.693878 1.91837 0.999889
-0.693878 2 0.999889
-0.612245 -2 0.000331521
-0.612245 -1.91837 0.000334304
-0.612245 -1.83673 0.00033755
-0.612245 -1.7551 0.000341411
-0.612245 -1.67347 0.000346107
-0.612245 -1.59184 0.000351956
-0.612245 -1.5102 0.000359435
-0.612245 -1.42857 0.000369271
-0.612245 -1.34694 0.00038262
-0.612245 -1.26531 0.00040141
-0.612245 -1.18367 0.000429024
-0.612245 -1.10204 0.000471841
-0.612245 -1.02041 0.000542989
-0.612245 -0.938776 0.000672786
-0.612245 -0.857143 0.000942992
-0.612245 -0.77551 0.00162646
-0.612245 -0.693878 0.00394609
-0.612245 -0.612245 0.0159816
-0.612245 -0.530612 0.113855
-0.612245 -0.44898 0.635619
-0.612245 -0.367347 0.961601
-0.612245 -0.285714 0.99548
-0.612245 -0.204082 0.998966
-0.612245 -0.122449 0.999579
-0.612245 -0.0408163 0.99975
-0.612245 0.0408163 0.999815
-0.612245 0.122449 0.999845
-0.612245 0.204082 0.999861
-0.612245 0.285714 0.99987
-0.612245 0.367347 0.999876
-0.612245 0.44898 0.999879
-0.612245 0.530612 0.999882
-0.612245 0.612245 0.999884
-0.612245 0.693878 0.999885
-0.612245 0.77551 0.999886
-0.612245 0.857143 0.999886
-0.612245 0.938776 0.999887
-0.612245 1.02041 0.999887
-0.612245 1.10204 0.999888
-0.612245 1.18367 0.999888
-0.612245 1.26531 0.999888
-0.612245 1.34694 0.999888
-0.612245 1.42857 0.999888
-0.612245 1.5102 0.999889
-0.612245 1.59184 0.999889
-0.612245 1.67347 0.999889
-0.612245 1.7551 0.999889
-0.612245 1.83673 0.999889
-0.612245 1.91837 0.999889
-0.612245 2 0.999889
-0.530612 -2 0.000325623
-0.530612 -1.91837 0.000328028
-0.530612 -1.83673 0.000330811
-0.530612 -1.7551 0.00033409
-0.530612 -1.67347 0.00033803
-0.530612 -1.59184 0.00034287
-0.530612 -1.5102 0.000348962
-0.530612 -1.42857 0.000356836
-0.530612 -1.34694 0.000367318
-0.530612 -1.26531 0.000381744
-0.530612 -1.18367 0.000402388
-0.530612 -1.10204 0.000433353
-0.530612 -1.02041 0.000482629
-0.530612 -0.938776 0.00056737
-0.530612 -0.857143 0.000729477
-0.530612 -0.77551 0.00109097
-0.530612 -0.693878 0.00210531
-0.530612 -0.612245 0.00613053
-0.530612 -0.530612 0.0317583
-0.530612 -0.44898 0.252913
-0.530612 -0.367347 0.83736
-0.530612 -0.285714 0.984798
-0.530612 -0.204082 0.9977
-0.530612 -0.122449 0.999322
-0.530612 -0.0408163 0.999671
-0.530612 0.0408163 0.999783
-0.530612 0.122449 0.999829
-0.530612 0.204082 0.999852
-0.530612 0.285714 0.999865
-0.530612 0.367347 0.999872
-0.530612 0.44898 0.999877
-0.530612 0.530612 0.99988
-0.530612 0.612245 0.999882
-0.530612 0.693878 0.999884
-0.530612 0.77551 0.999885
-0.530612 0.857143 0.999886
-0.530612 0.938776 0.999887
-0.530612 1.02041 0.999887
-0.530612 1.10204 0.999887
-0.530612 1.18367 0.999888
-0.530612 1.26531 0.999888
-0.530612 1.34694 0.999888
-0.530612 1.42857 0.999888
-0.530612 1.5102 0.999888
-0.530612 1.59184 0.999889
-0.530612 1.67347 0.999889
-0.530612 1.7551 0.999889
-0.530612 1.83673 0.999889
-0.530612 1.91837 0.999889
-0.530612 2 0.999889
-0.44898 -2 0.000320244
-0.44898 -1.91837 0.000322243
-0.44898 -1.83673 0.000324552
-0.44898 -1.7551 0.000327259
-0.44898 -1.67347 0.000330488
-0.44898 -1.59184 0.000334417
-0.44898 -1.5102 0.000339302
-0.44898 -1.42857 0.000345527
-0.44898 -1.34694 0.000353675
-0.44898 -1.26531 0.000364672
-0.44898 -1.18367 0.000380044
-0.44898 -1.10204 0.000402442
-0.44898 -1.02041 0.00043679
-0.44898 -0.938776 0.000493003
-0.44898 -0.857143 0.000593342
-0.44898 -0.77551 0.000795532
-0.44898 -0.693878 0.00128227
-0.44898 -0.612245 0.00281729
-0.44898 -0.530612 0.0100579
-0.44898 -0.44898 0.0659977
-0.44898 -0.367347 0.476714
-0.44898 -0.285714 0.933928
-0.44898 -0.204082 0.993188
-0.44898 -0.122449 0.998661
-0.44898 -0.0408163 0.99951
-0.44898 0.0408163 0.999727
-0.44898 0.122449 0.999805
-0.44898 0.204082 0.99984
-0.44898 0.285714 0.999858
-0.44898 0.367347 0.999868
-0.44898 0.44898 0.999874
-0.44898 0.530612 0.999878
-0.44898 0.612245 0.999881
-0.44898 0.693878 0.999883
-0.44898 0.77551 0.999884
-0.44898 0.857143 0.999885
-0.44898 0.938776 0.999886
-0.44898 1.02041 0.999887
-0.44898 1.10204 0.999887
-0.44898 1.18367 0.999888
-0.44898 1.26531 0.999888
-0.44898 1.34694 0.999888
-0.44898 1.42857 0.999888
-0.44898 1.5102 0.999888
-0.44898 1.59184 0.999889
-0.44898 1.67347 0.999889
-0.44898 1.7551 0.999889
-0.44898 1.83673 0.999889
-0.44898 1.91837 0.999889
-0.44898 2 0.999889
-0.367347 -2 0.000315707
-0.367347 -1.91837 0.000317292
-0.367347 -1.83673 0.000319127
-0.367347 -1.7551 0.00032128
-0.367347 -1.67347 0.000323841
-0.367347 -1.59184 0.000326941
-0.367347 -1.5102 0.000330767
-0.367347 -1.42857 0.000335591
-0.367347 -1.34694 0.000341825
-0.367347 -1.26531 0.000350103
-0.367347 -1.18367 0.000361446
-0.367347 -1.10204 0.000377571
-0.367347 -1.02041 0.000401529
-0.367347 -0.938776 0.000439141
-0.367347 -0.857143 0.000502559
-0.367347 -0.77551 0.000620338
-0.367347 -0.693878 0.000871355
-0.367347 -0.612245 0.00152848
-0.367347 -0.530612 0.00388563
-0.367347 -0.44898 0.0172441
-0.367347 -0.367347 0.136622
-0.367347 -0.285714 0.70522
-0.367347 -0.204082 0.972048
-0.367347 -0.122449 0.996497
-0.367347 -0.0408163 0.999123
-0.367347 0.0408163 0.999617
-0.367347 0.122449 0.999763
-0.367347 0.204082 0.99982
-0.367347 0.285714 0.999847
-0.367347 0.367347 0.999862
-0.367347 0.44898 0.99987
-0.367347 0.530612 0.999876
-0.367347 0.612245 0.999879
-0.367347 0.693878 0.999882
-0.367347 0.77551 0.999883
-0.367347 0.857143 0.999885
-0.367347 0.938776 0.999886
-0.367347 1.02041 0.999886
-0.367347 1.10204 0.999887
-0.367347 1.18367 0.999887
-0.367347 1.26531 0.999888
-0.367347 1.34694 0.999888
-0.367347 1.42857 0.999888
-0.367347 1.5102 0.999888
-0.367347 1.59184 0.999888
-0.367347 1.67347 0.999889
-0.367347 1.7551 0.999889
-0.367347 1.83673 0.999889
-0.367347 1.91837 0.999889
-0.367347 2 0.999889
-0.285714 -2 0.000312195
-0.285714 -1.91837 0.00031339
-0.285714 -1.83673 0.000314783
-0.285714 -1.7551 0.000316422
-0.285714 -1.67347 0.000318376
-0.285714 -1.59184 0.000320739
-0.285714 -1.5102 0.000323647
-0.285714 -1.42857 0.000327291
-0.285714 -1.34694 0.000331958
-0.285714 -1.26531 0.000338081
-0.285714 -1.18367 0.000346341
-0.285714 -1.10204 0.000357845
-0.285714 -1.02041 0.000374495
-0.285714 -0.938776 0.000399742
-0.285714 -0.857143 0.000440362
-0.285714 -0.77551 0.000511
-0.285714 -0.693878 0.000647739
-0.285714 -0.612245 0.000956944
-0.285714 -0.530612 0.00184254
-0.285714 -0.44898 0.00549008
-0.285714 -0.367347 0.0303478
-0.285714 -0.285714 0.262777
-0.285714 -0.204082 0.854596
-0.285714 -0.122449 0.986857
-0.285714 -0.0408163 0.997944
-0.285714 0.0408163 0.999366
-0.285714 0.122449 0.999682
-0.285714 0.204082 0.999786
-0.285714 0.285714 0.999831
-0.285714 0.367347 0.999853
-0.285714 0.44898 0.999865
-0.285714 0.530612 0.999872
-0.285714 0.612245 0.999877
-0.285714 0.693878 0.99988
-0.285714 0.77551 0.999882
-0.285714 0.857143 0.999884
-0.285714 0.938776 0.999885
-0.285714 1.02041 0.999886
-0.285714 1.10204 0.999886
-0.285714 1.18367 0.999887
-0.285714 1.26531 0.999887
-0.285714 1.34694 0.999888
-0.285714 1.42857 0.999888
-0.285714 1.5102 0.999888
-0.285714 1.59184 0.999888
-0.285714 1.67347 0.999888
-0.285714 1.7551 0.999889
-0.285714 1.83673 0.999889
-0.285714 1.91837 0.999889
-0.285714 2 0.999889
-0.204082 -2 0.000309709
-0.204082 -1.91837 0.000310571
-0.204082 -1.83673 0.000311583
-0.204082 -1.7551 0.00031278
-0.204082 -1.67347 0.000314214
-0.204082 -1.59184 0.000315953
-0.204082 -1.5102 0.000318092
-0.204082 -1.42857 0.000320768
-0.204082 -1.34694 0.000324178
-0.204082 -1.26531 0.000328617
-0.204082 -1.18367 0.000334536
-0.204082 -1.10204 0.000342651
-0.204082 -1.02041 0.000354147
-0.204082 -0.938776 0.000371094
-0.204082 -0.857143 0.000397334
-0.204082 -0.77551 0.000440614
-0.204082 -0.693878 0.000518282
-0.204082 -0.612245 0.000675116
-0.204082 -0.530612 0.00105213
-0.204082 -0.44898 0.00223849
-0.204082 -0.367347 0.00787949
-0.204082 -0.285714 0.0535115
-0.204082 -0.204082 0.43825
-0.204082 -0.122449 0.929011
-0.204082 -0.0408163 0.992986
-0.204082 0.0408163 0.998642
-0.204082 0.122449 0.999504
-0.204082 0.204082 0.999723
-0.204082 0.285714 0.999802
-0.204082 0.367347 0.999838
-0.204082 0.44898 0.999856
-0.204082 0.530612 0.999867
-0.204082 0.612245 0.999873
-0.204082 0.693878 0.999878
-0.204082 0.77551 0.99988
-0.204082 0.857143 0.999882
-0.204082 0.938776 0.999884
-0.204082 1.02041 0.999885
-0.204082 1.10204 0.999886
-0.204082 1.18367 0.999886
-0.204082 1.26531 0.999887
-0.204082 1.34694 0.999887
-0.204082 1.42857 0.999888
-0.204082 1.5102 0.999888
-0.204082 1.59184 0.999888
-0.204082 1.67347 0.999888
-0.204082 1.7551 0.999888
-0.204082 1.83673 0.999888
-0.204082 1.91837 0.999889
-0.204082 2 0.999889
-0.122449 -2 0.000308102
-0.122449 -1.91837 0.000308706
-0.122449 -1.83673 0.000309418
-0.122449 -1.7551 0.000310266
-0.122449 -1.67347 0.000311286
-0.122449 -1.59184 0.000312527
-0.122449 -1.5102 0.000314058
-0.122449 -1.42857 0.000315973
-0.122449 -1.34694 0.000318409
-0.122449 -1.26531 0.000321566
-0.122449 -1.18367 0.000325743
-0.122449 -1.10204 0.000331403
-0.122449 -1.02041 0.000339291
-0.122449 -0.938776 0.000350658
-0.122449 -0.857143 0.000367722
-0.122449 -0.77551 0.000394698
-0.122449 -0.693878 0.000440306
-0.122449 -0.612245 0.000524742
-0.122449 -0.530612 0.000702579
-0.122449 -0.44898 0.00115731
-0.122449 -0.367347 0.00273237
-0.122449 -0.285714 0.0113803
-0.122449 -0.204082 0.0919913
-0.122449 -0.122449 0.616934
-0.122449 -0.0408163 0.962896
-0.122449 0.0408163 0.995758
-0.122449 0.122449 0.999009
-0.122449 0.204082 0.999586
-0.122449 0.285714 0.99975
-0.122449 0.367347 0.999813
-0.122449 0.44898 0.999843
-0.122449 0.530612 0.999859
-0.122449 0.612245 0.999868
-0.122449 0.693878 0.999874
-0.122449 0.77551 0.999878
-0.122449 0.857143 0.999881
-0.122449 0.938776 0.999883
-0.122449 1.02041 0.999884
-0.122449 1.10204 0.999885
-0.122449 1.18367 0.999886
-0.122449 1.26531 0.999886
-0.122449 1.34694 0.999887
-0.122449 1.42857 0.999887
-0.122449 1.5102 0.999888
-0.122449 1.59184 0.999888
-0.122449 1.67347 0.999888
-0.122449 1.7551 0.999888
-0.122449 1.83673 0.999888
-0.122449 1.91837 0.999888
-0.122449 2 0.999889
-0.0408163 -2 0.000307155
-0.0408163 -1.91837 0.000307576
-0.0408163 -1.83673 0.000308072
-0.0408163 -1.7551 0.000308665
-0.0408163 -1.67347 0.000309379
-0.0408163 -1.59184 0.00031025
-0.0408163 -1.5102 0.000311326
-0.0408163 -1.42857 0.000312674
-0.0408163 -1.34694 0.000314388
-0.0408163 -1.26531 0.000316604
-0.0408163 -1.18367 0.000319521
-0.0408163 -1.10204 0.000323442
-0.0408163 -1.02041 0.000328837
-0.0408163 -0.938776 0.000336475
-0.0408163 -0.857143 0.00034766
-0.0408163 -0.77551 0.000364752
-0.0408163 -0.693878 0.000392321
-0.0408163 -0.612245 0.000440064
-0.0408163 -0.530612 0.000531176
-0.0408163 -0.44898 0.000731161
-0.0408163 -0.367347 0.00127475
-0.0408163 -0.285714 0.00334647
-0.0408163 -0.204082 0.0164106
-0.0408163 -0.122449 0.150358
-0.0408163 -0.0408163 0.754552
-0.0408163 0.0408163 0.978573
-0.0408163 0.122449 0.997127
-0.0408163 0.204082 0.999215
-0.0408163 0.285714 0.999636
-0.0408163 0.367347 0.999766
-0.0408163 0.44898 0.99982
-0.0408163 0.530612 0.999846
-0.0408163 0.612245 0.99986
-0.0408163 0.693878 0.999869
-0.0408163 0.77551 0.999874
-0.0408163 0.857143 0.999878
-0.0408163 0.938776 0.999881
-0.0408163 1.02041 0.999882
-0.0408163 1.10204 0.999884
-0.0408163 1.18367 0.999885
-0.0408163 1.26531 0.999886
-0.0408163 1.34694 0.999886
-0.0408163 1.42857 0.999887
-0.0408163 1.5102 0.999887
-0.0408163 1.59184 0.999887
-0.0408163 1.67347 0.999888
-0.0408163 1.7551 0.999888
-0.0408163 1.83673 0.999888
-0.0408163 1.91837 0.999888
-0.0408163 2 0.999888
0.0408163 -2 0.000306651
0.0408163 -1.91837 0.000306951
0.0408163 -1.83673 0.000307303
0.0408163 -1.7551 0.000307721
0.0408163 -1.67347 0.000308224
0.0408163 -1.59184 0.000308837
0.0408163 -1.5102 0.000309593
0.0408163 -1.42857 0.000310539
0.0408163 -1.34694 0.000311742
0.0408163 -1.26531 0.000313293
0.0408163 -1.18367 0.000315328
0.0408163 -1.10204 0.000318045
0.0408163 -1.02041 0.000321749
0.0408163 -0.938776 0.000326918
0.0408163 -0.857143 0.000334341
0.0408163 -0.77551 0.000345377
0.0408163 -0.693878 0.000362524
0.0408163 -0.612245 0.000390717
0.0408163 -0.530612 0.000440677
0.0408163 -0.44898 0.000538851
0.0408163 -0.367347 0.000763149
0.0408163 -0.285714 0.0014105
0.0408163 -0.204082 0.00411954
0.0408163 -0.122449 0.0235346
0.0408163 -0.0408163 0.229717
0.0408163 0.0408163 0.843391
0.0408163 0.122449 0.986279
0.0408163 0.204082 0.997857
0.0408163 0.285714 0.999335
0.0408163 0.367347 0.999666
0.0408163 0.44898 0.999776
0.0408163 0.530612 0.999823
0.0408163 0.612245 0.999847
0.0408163 0.693878 0.999861
0.0408163 0.77551 0.999869
0.0408163 0.857143 0.999874
0.0408163 0.938776 0.999878
0.0408163 1.02041 0.99988
0.0408163 1.10204 0.999882
0.0408163 1.18367 0.999884
0.0408163 1.26531 0.999885
0.0408163 1.34694 0.999885
0.0408163 1.42857 0.999886
0.0408163 1.5102 0.999886
0.0408163 1.59184 0.999887
0.0408163 1.67347 0.999887
0.0408163 1.7551 0.999887
0.0408163 1.83673 0.999888
0.0408163 1.91837 0.999888
0.0408163 2 0.999888
0.122449 -2 0.000306414
0.122449 -1.91837 0.000306639
0.122449 -1.83673 0.0003069
0.122449 -1.7551 0.000307206
0.122449 -1.67347 0.000307571
0.122449 -1.59184 0.000308012
0.122449 -1.5102 0.000308553
0.122449 -1.42857 0.000309228
0.122449 -1.34694 0.000310082
0.122449 -1.26531 0.000311179
0.122449 -1.18367 0.000312613
0.122449 -1.10204 0.000314516
0.122449 -1.02041 0.00031709
0.122449 -0.938776 0.000320641
0.122449 -0.857143 0.00032566
0.122449 -0.77551 0.000332958
0.122449 -0.693878 0.000343959
0.122449 -0.612245 0.000361318
0.122449 -0.530612 0.00039038
0.122449 -0.44898 0.000443031
0.122449 -0.367347 0.000549468
0.122449 -0.285714 0.000802377
0.122449 -0.204082 0.00157675
0.122449 -0.122449 0.00512618
0.122449 -0.0408163 0.0336204
0.122449 0.0408163 0.326304
0.122449 0.122449 0.896867
0.122449 0.204082 0.990361
0.122449 0.285714 0.998271
0.122449 0.367347 0.999406
0.122449 0.44898 0.999683
0.122449 0.530612 0.999781
0.122449 0.612245 0.999825
0.122449 0.693878 0.999847
0.122449 0.77551 0.99986
0.122449 0.857143 0.999868
0.122449 0.938776 0.999874
0.122449 1.02041 0.999877
0.122449 1.10204 0.99988
0.122449 1.18367 0.999882
0.122449 1.26531 0.999883
0.122449 1.34694 0.999884
0.122449 1.42857 0.999885
0.122449 1.5102 0.999886
0.122449 1.59184 0.999886
0.122449 1.67347 0.999887
0.122449 1.7551 0.999887
0.122449 1.83673 0.999887
0.122449 1.91837 0.999887
0.122449 2 0.999888
0.204082 -2 0.000306322
0.204082 -1.91837 0.000306503
0.204082 -1.83673 0.000306709
0.204082 -1.7551 0.000306947
0.204082 -1.67347 0.000307224
0.204082 -1.59184 0.000307556
0.204082 -1.5102 0.000307957
0.204082 -1.42857 0.000308453
0.204082 -1.34694 0.000309075
0.204082 -1.26531 0.00030987
0.204082 -1.18367 0.000310902
0.204082 -1.10204 0.000312263
0.204082 -1.02041 0.00031409
0.204082 -0.938776 0.000316585
0.204082 -0.857143 0.000320064
0.204082 -0.77551 0.000325032
0.204082 -0.693878 0.000332339
0.204082 -0.612245 0.000343493
0.204082 -0.530612 0.000361349
0.204082 -0.44898 0.000391769
0.204082 -0.367347 0.000448084
0.204082 -0.285714 0.000565176
0.204082 -0.204082 0.000854602
0.204082 -0.122449 0.00179537
0.204082 -0.0408163 0.00651076
0.204082 0.0408163 0.0481797
0.204082 0.122449 0.43315
0.204082 0.204082 0.929192
0.204082 0.285714 0.992702
0.204082 0.367347 0.998517
0.204082 0.44898 0.999446
0.204082 0.530612 0.999691
0.204082 0.612245 0.999782
0.204082 0.693878 0.999824
0.204082 0.77551 0.999846
0.204082 0.857143 0.999859
0.204082 0.938776 0.999867
0.204082 1.02041 0.999872
0.204082 1.10204 0.999876
0.204082 1.18367 0.999879
0.204082 1.26531 0.999881
0.204082 1.34694 0.999882
0.204082 1.42857 0.999883
0.204082 1.5102 0.999884
0.204082 1.59184 0.999885
0.204082 1.67347 0.999886
0.204082 1.7551 0.999886
0.204082 1.83673 0.999887
0.204082 1.91837 0.999887
0.204082 2 0.999887
0.285714 -2 0.0003063
0.285714 -1.91837 0.000306456
0.285714 -1.83673 0.00030663
0.285714 -1.7551 0.000306826
0.285714 -1.67347 0.00030705
0.285714 -1.59184 0.000307312
0.285714 -1.5102 0.000307624
0.285714 -1.42857 0.000308004
0.285714 -1.34694 0.000308474
0.285714 -1.26531 0.000309069
0.285714 -1.18367 0.000309834
0.285714 -1.10204 0.000310835
0.285714 -1.02041 0.000312167
0.285714 -0.938776 0.00031397
0.285714 -0.857143 0.000316455
0.285714 -0.77551 0.00031995
0.285714 -0.693878 0.000324988
0.285714 -0.612245 0.000332473
0.285714 -0.530612 0.000344034
0.285714 -0.44898 0.000362805
0.285714 -0.367347 0.000395343
0.285714 -0.285714 0.000456917
0.285714 -0.204082 0.000588718
0.285714 -0.122449 0.000928307
0.285714 -0.0408163 0.00210385
0.285714 0.0408163 0.00854969
0.285714 0.122449 0.069974
0.285714 0.204082 0.542935
0.285714 0.285714 0.949658
0.285714 0.367347 0.994165
0.285714 0.44898 0.998671
0.285714 0.530612 0.999468
0.285714 0.612245 0.999693
0.285714 0.693878 0.99978
0.285714 0.77551 0.999821
0.285714 0.857143 0.999843
0.285714 0.938776 0.999856
0.285714 1.02041 0.999865
0.285714 1.10204 0.999871
0.285714 1.18367 0.999874
0.285714 1.26531 0.999877
0.285714 1.34694 0.999879
0.285714 1.42857 0.999881
0.285714 1.5102 0.999882
0.285714 1.59184 0.999883
0.285714 1.67347 0.999884
0.285714 1.7551 0.999885
0.285714 1.83673 0.999885
0.285714 1.91837 0.999886
0.285714 2 0.999886
0.367347 -2 0.000306306
0.367347 -1.91837 0.000306448
0.367347 -1.83673 0.000306603
0.367347 -1.7551 0.000306774
0.367347 -1.67347 0.000306965
0.367347 -1.59184 0.000307184
0.367347 -1.5102 0.000307439
0.367347 -1.42857 0.000307742
0.367347 -1.34694 0.000308113
0.367347 -1.26531 0.000308574
0.367347 -1.18367 0.000309161
0.367347 -1.10204 0.00030992
0.367347 -1.02041 0.000310922
0.367347 -0.938776 0.000312265
0.367347 -0.857143 0.000314096
0.367347 -0.77551 0.000316639
0.367347 -0.693878 0.000320244
0.367347 -0.612245 0.000325486
0.367347 -0.530612 0.00033335
0.367347 -0.44898 0.000345641
0.367347 -0.367347 0.000365889
0.367347 -0.285714 0.000401632
0.367347 -0.204082 0.00047087
0.367347 -0.122449 0.000623829
0.367347 -0.0408163 0.00103647
0.367347 0.0408163 0.00256755
0.367347 0.122449 0.0117773
0.367347 0.204082 0.103958
0.367347 0.285714 0.649121
0.367347 0.367347 0.963461
0.367347 0.44898 0.995172
0.367347 0.530612 0.998775
0.367347 0.612245 0.999478
0.367347 0.693878 0.99969
0.367347 0.77551 0.999775
0.367347 0.857143 0.999816
0.367347 0.938776 0.999839
0.367347 1.02041 0.999853
0.367347 1.10204 0.999862
0.367347 1.18367 0.999868
0.367347 1.26531 0.999872
0.367347 1.34694 0.999875
0.367347 1.42857 0.999878
0.367347 1.5102 0.99988
0.367347 1.59184 0.999881
0.367347 1.67347 0.999882
0.367347 1.7551 0.999883
0.367347 1.83673 0.999884
0.367347 1.91837 0.999885
0.367347 2 0.999885
0.44898 -2 0.000306318
0.44898 -1.91837 0.000306452
0.44898 -1.83673 0.000306596
0.44898 -1.7551 0.000306752
0.44898 -1.67347 0.000306922
0.44898 -1.59184 0.000307113
0.44898 -1.5102 0.00030733
0.44898 -1.42857 0.000307584
0.44898 -1.34694 0.000307887
0.44898 -1.26531 0.000308258
0.44898 -1.18367 0.000308723
0.44898 -1.10204 0.000309317
0.44898 -1.02041 0.000310093
0.44898 -0.938776 0.000311122
0.44898 -0.857143 0.000312513
0.44898 -0.77551 0.000314422
0.44898 -0.693878 0.000317093
0.44898 -0.612245 0.000320909
0.44898 -0.530612 0.000326504
0.44898 -0.44898 0.000334987
0.44898 -0.367347 0.000348411
0.44898 -0.285714 0.000370878
0.44898 -0.204082 0.000411339
0.44898 -0.122449 0.000491783
0.44898 -0.0408163 0.000676008
0.44898 0.0408163 0.00120021
0.44898 0.122449 0.00330618
0.44898 0.204082 0.0172587
0.44898 0.285714 0.158398
0.44898 0.367347 0.745492
0.44898 0.44898 0.973327
0.44898 0.530612 0.995938
0.44898 0.612245 0.998854
0.44898 0.693878 0.999483
0.44898 0.77551 0.999684
0.44898 0.857143 0.999768
0.44898 0.938776 0.99981
0.44898 1.02041 0.999834
0.44898 1.10204 0.999849
0.44898 1.18367 0.999858
0.44898 1.26531 0.999865
0.44898 1.34694 0.999869
0.44898 1.42857 0.999873
0.44898 1.5102 0.999875
0.44898 1.59184 0.999878
0.44898 1.67347 0.999879
0.44898 1.7551 0.999881
0.44898 1.83673 0.999882
0.44898 1.91837 0.999883
0.44898 2 0.999883
0.530612 -2 0.000306327
0.530612 -1.91837 0.000306456
0.530612 -1.83673 0.000306593
0.530612 -1.7551 0.000306739
0.530612 -1.67347 0.000306896
0.530612 -1.59184 0.000307068
0.530612 -1.5102 0.00030726
0.530612 -1.42857 0.00030748
0.530612 -1.34694 0.000307736
0.530612 -1.26531 0.000308044
0.530612 -1.18367 0.000308424
0.530612 -1.10204 0.000308902
0.530612 -1.02041 0.000309518
0.530612 -0.938776 0.000310328
0.530612 -0.857143 0.000311412
0.530612 -0.77551 0.000312885
0.530612 -0.693878 0.000314924
0.530612 -0.612245 0.000317796
0.530612 -0.530612 0.000321932
0.530612 -0.44898 0.000328055
0.530612 -0.367347 0.000337443
0.530612 -0.285714 0.000352513
0.530612 -0.204082 0.000378186
0.530612 -0.122449 0.000425484
0.530612 -0.0408163 0.000522393
0.530612 0.0408163 0.000753965
0.530612 0.122449 0.00145642
0.530612 0.204082 0.00455289
0.530612 0.285714 0.0272001
0.530612 0.367347 0.244847
0.530612 0.44898 0.826361
0.530612 0.530612 0.980637
0.530612 0.612245 0.996573
0.530612 0.693878 0.998925
0.530612 0.77551 0.999485
0.530612 0.857143 0.999677
0.530612 0.938776 0.99976
0.530612 1.02041 0.999803
0.530612 1.10204 0.999828
0.530612 1.18367 0.999843
0.530612 1.26531 0.999853
0.530612 1.34694 0.99986
0.530612 1.42857 0.999866
0.530612 1.5102 0.99987
0.530612 1.59184 0.999873
0.530612 1.67347 0.999875
0.530612 1.7551 0.999877
0.530612 1.83673 0.999878
0.530612 1.91837 0.99988
0.530612 2 0.999881
0.612245 -2 0.000306329
0.612245 -1.91837 0.000306455
0.612245 -1.83673 0.000306588
0.612245 -1.7551 0.000306727
0.612245 -1.67347 0.000306875
0.612245 -1.59184 0.000307034
0.612245 -1.5102 0.000307209
0.612245 -1.42857 0.000307404
0.612245 -1.34694 0.000307627
0.612245 -1.26531 0.00030789
0.612245 -1.18367 0.000308207
0.612245 -1.10204 0.000308601
0.612245 -1.02041 0.000309102
0.612245 -0.938776 0.000309752
0.612245 -0.857143 0.000310615
0.612245 -0.77551 0.000311777
0.612245 -0.693878 0.000313371
0.612245 -0.612245 0.000315592
0.612245 -0.530612 0.000318747
0.612245 -0.44898 0.00032333
0.612245 -0.367347 0.000330188
0.612245 -0.285714 0.000340839
0.612245 -0.204082 0.000358218
0.612245 -0.122449 0.00038844
0.612245 -0.0408163 0.000445609
0.612245 0.0408163 0.000566981
0.612245 0.122449 0.000872356
0.612245 0.204082 0.00187377
0.612245 0.285714 0.00679192
0.612245 0.367347 0.0462915
0.612245 0.44898 0.372876
0.612245 0.530612 0.888278
0.612245 0.612245 0.986099
0.612245 0.693878 0.997123
0.612245 0.77551 0.998996
0.612245 0.857143 0.99949
0.612245 0.938776 0.99967
0.612245 1.02041 0.999752
0.612245 1.10204 0.999795
0.612245 1.18367 0.999821
0.612245 1.26531 0.999837
0.612245 1.34694 0.999848
0.612245 1.42857 0.999856
0.612245 1.5102 0.999861
0.612245 1.59184 0.999866
0.612245 1.67347 0.999869
0.612245 1.7551 0.999872
0.612245 1.83673 0.999874
0.612245 1.91837 0.999876
0.612245 2 0.999877
0.693878 -2 0.000306324
0.693878 -1.91837 0.000306448
0.693878 -1.83673 0.000306578
0.693878 -1.7551 0.000306712
0.693878 -1.67347 0.000306854
0.693878 -1.59184 0.000307004
0.693878 -1.5102 0.000307165
0.693878 -1.42857 0.000307342
0.693878 -1.34694 0.000307541
0.693878 -1.26531 0.00030777
0.693878 -1.18367 0.000308041
0.693878 -1.10204 0.000308371
0.693878 -1.02041 0.000308786
0.693878 -0.938776 0.000309318
0.693878 -0.857143 0.000310015
0.693878 -0.77551 0.000310949
0.693878 -0.693878 0.000312218
0.693878 -0.612245 0.000313971
0.693878 -0.530612 0.000316435
0.693878 -0.44898 0.000319966
0.693878 -0.367347 0.000325148
0.693878 -0.285714 0.000332995
0.693878 -0.204082 0.00034537
0.693878 -0.122449 0.000365946
0.693878 -0.0408163 0.000402594
0.693878 0.0408163 0.000474099
0.693878 0.122449 0.000632531
0.693878 0.204082 0.00105722
0.693878 0.285714 0.00258878
0.693878 0.367347 0.0110917
0.693878 0.44898 0.0843631
0.693878 0.530612 0.535724
0.693878 0.612245 0.931449
0.693878 0.693878 0.990127
0.693878 0.77551 0.997606
0.693878 0.857143 0.999071
0.693878 0.938776 0.999499
0.693878 1.02041 0.999665
0.693878 1.10204 0.999744
0.693878 1.18367 0.999787
0.693878 1.26531 0.999813
0.693878 1.34694 0.99983
0.693878 1.42857 0.999842
0.693878 1.5102 0.99985
0.693878 1.59184 0.999856
0.693878 1.67347 0.999861
0.693878 1.7551 0.999865
0.693878 1.83673 0.999868
0.693878 1.91837 0.99987
0.693878 2 0.999872
0.77551 -2 0.000306312
0.77551 -1.91837 0.000306436
0.77551 -1.83673 0.000306562
0.77551 -1.7551 0.000306694
0.77551 -1.67347 0.00030683
0.77551 -1.59184 0.000306973
0.77551 -1.5102 0.000307125
0.77551 -1.42857 0.000307288
0.77551 -1.34694 0.000307468
0.77551 -1.26531 0.000307671
0.77551 -1.18367 0.000307907
0.77551 -1.10204 0.000308189
0.77551 -1.02041 0.000308537
0.77551 -0.938776 0.000308977
0.77551 -0.857143 0.00030955
0.77551 -0.77551 0.000310308
0.77551 -0.693878 0.000311333
0.77551 -0.612245 0.000312738
0.77551 -0.530612 0.000314698
0.77551 -0.44898 0.000317475
0.77551 -0.367347 0.000321495
0.77551 -0.285714 0.000327462
0.77551 -0.204082 0.000336626
0.77551 -0.122449 0.000351333
0.77551 -0.0408163 0.000376326
0.77551 0.0408163 0.000422094
0.77551 0.122449 0.000514723
0.77551 0.204082 0.000730892
0.77551 0.285714 0.00135747
0.77551 0.367347 0.00389071
0.77551 0.44898 0.0199316
0.77551 0.530612 0.159839
0.77551 0.612245 0.700382
0.77551 0.693878 0.959178
0.77551 0.77551 0.993027
0.77551 0.857143 0.998023
0.77551 0.938776 0.99915
0.77551 1.02041 0.999512
0.77551 1.10204 0.999663
0.77551 1.18367 0.999738
0.77551 1.26531 0.99978
0.77551 1.34694 0.999806
0.77551 1.42857 0.999823
0.77551 1.5102 0.999835
0.77551 1.59184 0.999844
0.77551 1.67347 0.999851
0.77551 1.7551 0.999856
0.77551 1.83673 0.99986
0.77551 1.91837 0.999863
0.77551 2 0.999866
0.857143 -2 0.000306296
0.857143 -1.91837 0.000306418
0.857143 -1.83673 0.000306543
0.857143 -1.7551 0.000306672
0.857143 -1.67347 0.000306804
0.857143 -1.59184 0.000306942
0.857143 -1.5102 0.000307086
0.857143 -1.42857 0.000307239
0.857143 -1.34694 0.000307404
0.857143 -1.26531 0.000307587
0.857143 -1.18367 0.000307795
0.857143 -1.10204 0.000308039
0.857143 -1.02041 0.000308335
0.857143 -0.938776 0.000308704
0.857143 -0.857143 0.000309178
0.857143 -0.77551 0.0003098
0.857143 -0.693878 0.000310636
0.857143 -0.612245 0.000311775
0.857143 -0.530612 0.000313352
0.857143 -0.44898 0.000315571
0.857143 -0.367347 0.000318749
0.857143 -0.285714 0.000323396
0.857143 -0.204082 0.000330387
0.857143 -0.122449 0.000341296
0.857143 -0.0408163 0.000359159
0.857143 0.0408163 0.000390289
0.857143 0.122449 0.000449161
0.857143 0.204082 0.000573613
0.857143 0.285714 0.000883092
0.857143 0.367347 0.00187053
0.857143 0.44898 0.006433
0.857143 0.530612 0.0392204
0.857143 0.612245 0.296441
0.857143 0.693878 0.828972
0.857143 0.77551 0.97593
0.857143 0.857143 0.995065
0.857143 0.938776 0.998375
0.857143 1.02041 0.999229
0.857143 1.10204 0.999531
0.857143 1.18367 0.999665
0.857143 1.26531 0.999734
0.857143 1.34694 0.999774
0.857143 1.42857 0.9998
0.857143 1.5102 0.999817
0.857143 1.59184 0.999829
0.857143 1.67347 0.999838
0.857143 1.7551 0.999845
0.857143 1.83673 0.99985
0.857143 1.91837 0.999855
0.857143 2 0.999858
0.938776 -2 0.000306277
0.938776 -1.91837 0.000306397
0.938776 -1.83673 0.000306521
0.938776 -1.7551 0.000306647
0.938776 -1.67347 0.000306777
0.938776 -1.59184 0.00030691
0.938776 -1.5102 0.000307048
0.938776 -1.42857 0.000307193
0.938776 -1.34694 0.000307346
0.938776 -1.26531 0.000307513
0.938776 -1.18367 0.000307699
0.938776 -1.10204 0.000307913
0.938776 -1.02041 0.000308167
0.938776 -0.938776 0.000308479
0.938776 -0.857143 0.000308875
0.938776 -0.77551 0.00030939
0.938776 -0.693878 0.000310075
0.938776 -0.612245 0.000311005
0.938776 -0.530612 0.000312286
0.938776 -0.44898 0.000314078
0.938776 -0.367347 0.000316624
0.938776 -0.285714 0.000320306
0.938776 -0.204082 0.000325759
0.938776 -0.122449 0.000334083
0.938776 -0.0408163 0.000347313
0.938776 0.0408163 0.000369476
0.938776 0.122449 0.000409227
0.938776 0.204082 0.000487272
0.938776 0.285714 0.000661104
0.938776 0.367347 0.00112843
0.938776 0.44898 0.00280326
0.938776 0.530612 0.011781
0.938776 0.612245 0.0826184
0.938776 0.693878 0.494687
0.938776 0.77551 0.909562
0.938776 0.857143 0.985679
0.938776 0.938776 0.996472
0.938776 1.02041 0.998663
0.938776 1.10204 0.999305
0.938776 1.18367 0.999553
0.938776 1.26531 0.999669
0.938776 1.34694 0.999732
0.938776 1.42857 0.99977
0.938776 1.5102 0.999795
0.938776 1.59184 0.999811
0.938776 1.67347 0.999823
0.938776 1.7551 0.999832
0.938776 1.83673 0.999839
0.938776 1.91837 0.999845
0.938776 2 0.999849
1.02041 -2 0.000306254
1.02041 -1.91837 0.000306374
1.02041 -1.83673 0.000306496
1.02041 -1.7551 0.00030662
1.02041 -1.67347 0.000306748
1.02041 -1.59184 0.000306877
1.02041 -1.5102 0.000307011
1.02041 -1.42857 0.000307149
1.02041 -1.34694 0.000307293
1.02041 -1.26531 0.000307447
1.02041 -1.18367 0.000307616
1.02041 -1.10204 0.000307805
1.02041 -1.02041 0.000308026
1.02041 -0.938776 0.000308292
1.02041 -0.857143 0.000308625
1.02041 -0.77551 0.000309053
1.02041 -0.693878 0.000309618
1.02041 -0.612245 0.000310381
1.02041 -0.530612 0.000311427
1.02041 -0.44898 0.000312885
1.02041 -0.367347 0.000314943
1.02041 -0.285714 0.000317897
1.02041 -0.204082 0.00032222
1.02041 -0.122449 0.000328706
1.02041 -0.0408163 0.000338775
1.02041 0.0408163 0.000355111
1.02041 0.122449 0.000383194
1.02041 0.204082 0.000435245
1.02041 0.285714 0.000542026
1.02041 0.367347 0.000795387
1.02041 0.44898 0.00154471
1.02041 0.530612 0.00462442
1.02041 0.612245 0.0238478
1.02041 0.693878 0.176769
1.02041 0.77551 0.698921
1.02041 0.857143 0.953335
1.02041 0.938776 0.99127
1.02041 1.02041 0.997434
1.02041 1.10204 0.998894
1.02041 1.18367 0.999375
1.02041 1.26531 0.999576
1.02041 1.34694 0.999676
1.02041 1.42857 0.999733
1.02041 1.5102 0.999768
1.02041 1.59184 0.999791
1.02041 1.67347 0.999807
1.02041 1.7551 0.999818
1.02041 1.83673 0.999827
1.02041 1.91837 0.999834
1.02041 2 0.99984
1.10204 -2 0.00030623
1.10204 -1.91837 0.000306349
1.10204 -1.83673 0.00030647
1.10204 -1.7551 0.000306593
1.10204 -1.67347 0.000306718
1.10204 -1.59184 0.000306845
1.10204 -1.5102 0.000306974
1.10204 -1.42857 0.000307107
1.10204 -1.34694 0.000307244
1.10204 -1.26531 0.000307388
1.10204 -1.18367 0.000307543
1.10204 -1.10204 0.000307713
1.10204 -1.02041 0.000307906
1.10204 -0.938776 0.000308135
1.10204 -0.857143 0.000308416
1.10204 -0.77551 0.000308774
1.10204 -0.693878 0.000309241
1.10204 -0.612245 0.000309869
1.10204 -0.530612 0.000310726
1.10204 -0.44898 0.000311917
1.10204 -0.367347 0.000313591
1.10204 -0.285714 0.000315981
1.10204 -0.204082 0.000319447
1.10204 -0.122449 0.000324582
1.10204 -0.0408163 0.000332404
1.10204 0.0408163 0.000344772
1.10204 0.122449 0.000365309
1.10204 0.204082 0.000401654
1.10204 0.285714 0.000471607
1.10204 0.367347 0.000622777
1.10204 0.44898 0.00101016
1.10204 0.530612 0.00229599
1.10204 0.612245 0.00846484
1.10204 0.693878 0.0524358
1.10204 0.77551 0.350347
1.10204 0.857143 0.845131
1.10204 0.938776 0.97554
1.10204 1.02041 0.994487
1.10204 1.10204 0.998092
1.10204 1.18367 0.999077
1.10204 1.26531 0.999438
1.10204 1.34694 0.9996
1.10204 1.42857 0.999686
1.10204 1.5102 0.999735
1.10204 1.59184 0.999767
1.10204 1.67347 0.999788
1.10204 1.7551 0.999803
1.10204 1.83673 0.999814
1.10204 1.91837 0.999823
1.10204 2 0.999829
1.18367 -2 0.000306204
1.18367 -1.91837 0.000306322
1.18367 -1.83673 0.000306442
1.18367 -1.7551 0.000306564
1.18367 -1.67347 0.000306687
1.18367 -1.59184 0.000306812
1.18367 -1.5102 0.000306939
1.18367 -1.42857 0.000307067
1.18367 -1.34694 0.000307199
1.18367 -1.26531 0.000307335
1.18367 -1.18367 0.000307478
1.18367 -1.10204 0.000307632
1.18367 -1.02041 0.000307804
1.18367 -0.938776 0.000308002
1.18367 -0.857143 0.000308242
1.18367 -0.77551 0.000308541
1.18367 -0.693878 0.000308929
1.18367 -0.612245 0.000309446
1.18367 -0.530612 0.00031015
1.18367 -0.44898 0.000311124
1.18367 -0.367347 0.000312491
1.18367 -0.285714 0.000314434
1.18367 -0.204082 0.000317236
1.18367 -0.122449 0.000321347
1.18367 -0.0408163 0.000327518
1.18367 0.0408163 0.000337076
1.18367 0.122449 0.000352504
1.18367 0.204082 0.000378792
1.18367 0.285714 0.000426868
1.18367 0.367347 0.000523527
1.18367 0.44898 0.000745842
1.18367 0.530612 0.00137148
1.18367 0.612245 0.00375168
1.18367 0.693878 0.0171926
1.18367 0.77551 0.11987
1.18367 0.857143 0.580285
1.18367 0.938776 0.925299
1.18367 1.02041 0.986641
1.18367 1.10204 0.996372
1.18367 1.18367 0.998544
1.18367 1.26531 0.999221
1.18367 1.34694 0.999493
1.18367 1.42857 0.999624
1.18367 1.5102 0.999696
1.18367 1.59184 0.999739
1.18367 1.67347 0.999767
1.18367 1.7551 0.999787
1.18367 1.83673 0.999801
1.18367 1.91837 0.999811
1.18367 2 0.999819
1.26531 -2 0.000306178
1.26531 -1.91837 0.000306295
1.26531 -1.83673 0.000306414
1.26531 -1.7551 0.000306535
1.26531 -1.67347 0.000306657
1.26531 -1.59184 0.00030678
1.26531 -1.5102 0.000306904
1.26531 -1.42857 0.000307029
1.26531 -1.34694 0.000307156
1.26531 -1.26531 0.000307286
1.26531 -1.18367 0.00030742
1.26531 -1.10204 0.000307561
1.26531 -1.02041 0.000307715
1.26531 -0.938776 0.00030789
1.26531 -0.857143 0.000308095
1.26531 -0.77551 0.000308347
1.26531 -0.693878 0.00030867
1.26531 -0.612245 0.000309096
1.26531 -0.530612 0.000309673
1.26531 -0.44898 0.00031047
1.26531 -0.367347 0.000311588
1.26531 -0.285714 0.000313173
1.26531 -0.204082 0.000315449
1.26531 -0.122449 0.000318766
1.26531 -0.0408163 0.000323691
1.26531 0.0408163 0.000331194
1.26531 0.122449 0.00034303
1.26531 0.204082 0.000362576
1.26531 0.285714 0.000396857
1.26531 0.367347 0.00046193
1.26531 0.44898 0.000599639
1.26531 0.530612 0.000941144
1.26531 0.612245 0.00201722
1.26531 0.693878 0.00679852
1.26531 0.77551 0.0382179
1.26531 0.857143 0.261812
1.26531 0.938776 0.777883
1.26531 1.02041 0.963761
1.26531 1.10204 0.992294
1.26531 1.18367 0.997505
1.26531 1.26531 0.998859
1.26531 1.34694 0.999333
1.26531 1.42857 0.99954
1.26531 1.5102 0.999646
1.26531 1.59184 0.999706
1.26531 1.67347 0.999744
1.26531 1.7551 0.999769
1.26531 1.83673 0.999787
1.26531 1.91837 0.999799
1.26531 2 0.999809
1.34694 -2 0.000306151
1.34694 -1.91837 0.000306267
1.34694 -1.83673 0.000306385
1.34694 -1.7551 0.000306505
1.34694 -1.67347 0.000306626
1.34694 -1.59184 0.000306748
1.34694 -1.5102 0.00030687
1.34694 -1.42857 0.000306993
1.34694 -1.34694 0.000307116
1.34694 -1.26531 0.000307241
1.34694 -1.18367 0.000307368
1.34694 -1.10204 0.000307499
1.34694 -1.02041 0.000307639
1.34694 -0.938776 0.000307793
1.34694 -0.857143 0.000307971
1.34694 -0.77551 0.000308184
1.34694 -0.693878 0.000308453
1.34694 -0.612245 0.000308804
1.34694 -0.530612 0.000309278
1.34694 -0.44898 0.00030993
1.34694 -0.367347 0.000310843
1.34694 -0.285714 0.000312137
1.34694 -0.204082 0.000313991
1.34694 -0.122449 0.000316681
1.34694 -0.0408163 0.000320644
1.34694 0.0408163 0.000326605
1.34694 0.122449 0.000335835
1.34694 0.204082 0.00035069
1.34694 0.285714 0.000375854
1.34694 0.367347 0.000421433
1.34694 0.44898 0.000511745
1.34694 0.530612 0.000714871
1.34694 0.612245 0.00126673
1.34694 0.693878 0.00325441
1.34694 0.77551 0.0136828
1.34694 0.857143 0.0896234
1.34694 0.938776 0.486034
1.34694 1.02041 0.894883
1.34694 1.10204 0.981582
1.34694 1.18367 0.995281
1.34694 1.26531 0.998208
1.34694 1.34694 0.999082
1.34694 1.42857 0.999421
1.34694 1.5102 0.99958
1.34694 1.59184 0.999666
1.34694 1.67347 0.999717
1.34694 1.7551 0.999749
1.34694 1.83673 0.999771
1.34694 1.91837 0.999787
1.34694 2 0.999799
1.42857 -2 0.000306123
1.42857 -1.91837 0.000306239
1.42857 -1.83673 0.000306356
1.42857 -1.7551 0.000306476
1.42857 -1.67347 0.000306596
1.42857 -1.59184 0.000306717
1.42857 -1.5102 0.000306838
1.42857 -1.42857 0.000306958
1.42857 -1.34694 0.000307079
1.42857 -1.26531 0.000307199
1.42857 -1.18367 0.000307321
1.42857 -1.10204 0.000307444
1.42857 -1.02041 0.000307573
1.42857 -0.938776 0.000307711
1.42857 -0.857143 0.000307866
1.42857 -0.77551 0.000308048
1.42857 -0.693878 0.000308272
1.42857 -0.612245 0.000308562
1.42857 -0.530612 0.000308949
1.42857 -0.44898 0.000309481
1.42857 -0.367347 0.000310226
1.42857 -0.285714 0.000311281
1.42857 -0.204082 0.000312793
1.42857 -0.122449 0.000314982
1.42857 -0.0408163 0.000318188
1.42857 0.0408163 0.000322966
1.42857 0.122449 0.000330256
1.42857 0.204082 0.000341745
1.42857 0.285714 0.000360651
1.42857 0.367347 0.000393591
1.42857 0.44898 0.000455472
1.42857 0.530612 0.000584374
1.42857 0.612245 0.000896329
1.42857 0.693878 0.00184225
1.42857 0.77551 0.00581192
1.42857 0.857143 0.030255
1.42857 0.938776 0.205837
1.42857 1.02041 0.713827
1.42857 1.10204 0.951033
1.42857 1.18367 0.990007
1.42857 1.26531 0.996932
1.42857 1.34694 0.998659
1.42857 1.42857 0.999243
1.42857 1.5102 0.99949
1.42857 1.59184 0.999614
1.42857 1.67347 0.999684
1.42857 1.7551 0.999727
1.42857 1.83673 0.999755
1.42857 1.91837 0.999775
1.42857 2 0.999789
1.5102 -2 0.000306096
1.5102 -1.91837 0.000306211
1.5102 -1.83673 0.000306328
1.5102 -1.7551 0.000306446
1.5102 -1.67347 0.000306566
1.5102 -1.59184 0.000306686
1.5102 -1.5102 0.000306806
1.5102 -1.42857 0.000306925
1.5102 -1.34694 0.000307043
1.5102 -1.26531 0.000307161
1.5102 -1.18367 0.000307278
1.5102 -1.10204 0.000307395
1.5102 -1.02041 0.000307515
1.5102 -0.938776 0.00030764
1.5102 -0.857143 0.000307777
1.5102 -0.77551 0.000307933
1.5102 -0.693878 0.000308121
1.5102 -0.612245 0.00030836
1.5102 -0.530612 0.000308677
1.5102 -0.44898 0.000309109
1.5102 -0.367347 0.000309715
1.5102 -0.285714 0.000310574
1.5102 -0.204082 0.000311805
1.5102 -0.122449 0.000313587
1.5102 -0.0408163 0.00031619
1.5102 0.0408163 0.000320044
1.5102 0.122449 0.000325858
1.5102 0.204082 0.000334866
1.5102 0.285714 0.000349341
1.5102 0.367347 0.000373754
1.5102 0.44898 0.000417645
1.5102 0.530612 0.000503618
1.5102 0.612245 0.000693632
1.5102 0.693878 0.00119599
1.5102 0.77551 0.00293062
1.5102 0.857143 0.0115191
1.5102 0.938776 0.0712492
1.5102 1.02041 0.412372
1.5102 1.10204 0.863218
1.5102 1.18367 0.976196
1.5102 1.26531 0.994178
1.5102 1.34694 0.99789
1.5102 1.42857 0.998958
1.5102 1.5102 0.999361
1.5102 1.59184 0.999545
1.5102 1.67347 0.999643
1.5102 1.7551 0.9997
1.5102 1.83673 0.999736
1.5102 1.91837 0.999761
1.5102 2 0.999778
1.59184 -2 0.000306068
1.59184 -1.91837 0.000306182
1.59184 -1.83673 0.000306299
1.59184 -1.7551 0.000306417
1.59184 -1.67347 0.000306536
1.59184 -1.59184 0.000306655
1.59184 -1.5102 0.000306774
1.59184 -1.42857 0.000306893
1.59184 -1.34694 0.00030701
1.59184 -1.26531 0.000307125
1.59184 -1.18367 0.000307239
1.59184 -1.10204 0.000307351
1.59184 -1.02041 0.000307464
1.59184 -0.938776 0.000307579
1.59184 -0.857143 0.000307701
1.59184 -0.77551 0.000307837
1.59184 -0.693878 0.000307995
1.59184 -0.612245 0.000308192
1.59184 -0.530612 0.00030845
1.59184 -0.44898 0.000308801
1.59184 -0.367347 0.000309291
1.59184 -0.285714 0.000309987
1.59184 -0.204082 0.000310988
1.59184 -0.122449 0.000312438
1.59184 -0.0408163 0.000314554
1.59184 0.0408163 0.000317675
1.59184 0.122449 0.000322345
1.59184 0.204082 0.000329486
1.59184 0.285714 0.000340737
1.59184 0.367347 0.000359206
1.59184 0.44898 0.000391217
1.59184 0.530612 0.000450842
1.59184 0.612245 0.000573448
1.59184 0.693878 0.000864353
1.59184 0.77551 0.00171963
1.59184 0.857143 0.00514723
1.59184 0.938776 0.0251247
1.59184 1.02041 0.167519
1.59184 1.10204 0.653626
1.59184 1.18367 0.937325
1.59184 1.26531 0.987602
1.59184 1.34694 0.996363
1.59184 1.42857 0.998473
1.59184 1.5102 0.999163
1.59184 1.59184 0.999449
1.59184 1.67347 0.999589
1.59184 1.7551 0.999667
1.59184 1.83673 0.999715
1.59184 1.91837 0.999745
1.59184 2 0.999766
1.67347 -2 0.00030604
1.67347 -1.91837 0.000306154
1.67347 -1.83673 0.00030627
1.67347 -1.7551 0.000306388
1.67347 -1.67347 0.000306506
1.67347 -1.59184 0.000306625
1.67347 -1.5102 0.000306744
1.67347 -1.42857 0.000306861
1.67347 -1.34694 0.000306977
1.67347 -1.26531 0.000307091
1.67347 -1.18367 0.000307203
1.67347 -1.10204 0.000307312
1.67347 -1.02041 0.000307419
1.67347 -0.938776 0.000307526
1.67347 -0.857143 0.000307637
1.67347 -0.77551 0.000307756
1.67347 -0.693878 0.00030789
1.67347 -0.612245 0.000308053
1.67347 -0.530612 0.000308263
1.67347 -0.44898 0.000308546
1.67347 -0.367347 0.00030894
1.67347 -0.285714 0.000309502
1.67347 -0.204082 0.000310312
1.67347 -0.122449 0.000311488
1.67347 -0.0408163 0.000313208
1.67347 0.0408163 0.000315741
1.67347 0.122449 0.000319511
1.67347 0.204082 0.000325218
1.67347 0.285714 0.000334071
1.67347 0.367347 0.000348281
1.67347 0.44898 0.000372164
1.67347 0.530612 0.000414834
1.67347 0.612245 0.000497599
1.67347 0.693878 0.000677837
1.67347 0.77551 0.00114361
1.67347 0.857143 0.00269626
1.67347 0.938776 0.0100159
1.67347 1.02041 0.0587402
1.67347 1.10204 0.352948
1.67347 1.18367 0.829975
1.67347 1.26531 0.970328
1.67347 1.34694 0.993027
1.67347 1.42857 0.997576
1.67347 1.5102 0.998843
1.67347 1.59184 0.999308
1.67347 1.67347 0.999516
1.67347 1.7551 0.999625
1.67347 1.83673 0.999688
1.67347 1.91837 0.999727
1.67347 2 0.999753
1.7551 -2 0.000306013
1.7551 -1.91837 0.000306126
1.7551 -1.83673 0.000306241
1.7551 -1.7551 0.000306358
1.7551 -1.67347 0.000306477
1.7551 -1.59184 0.000306595
1.7551 -1.5102 0.000306713
1.7551 -1.42857 0.000306831
1.7551 -1.34694 0.000306946
1.7551 -1.26531 0.000307059
1.7551 -1.18367 0.000307169
1.7551 -1.10204 0.000307275
1.7551 -1.02041 0.000307379
1.7551 -0.938776 0.00030748
1.7551 -0.857143 0.000307582
1.7551 -0.77551 0.000307687
1.7551 -0.693878 0.000307803
1.7551 -0.612245 0.000307938
1.7551 -0.530612 0.000308108
1.7551 -0.44898 0.000308335
1.7551 -0.367347 0.00030865
1.7551 -0.285714 0.0003091
1.7551 -0.204082 0.000309752
1.7551 -0.122449 0.000310703
1.7551 -0.0408163 0.000312098
1.7551 0.0408163 0.000314154
1.7551 0.122449 0.000317206
1.7551 0.204082 0.000321795
1.7551 0.285714 0.000328827
1.7551 0.367347 0.000339911
1.7551 0.44898 0.000358069
1.7551 0.530612 0.000389397
1.7551 0.612245 0.000447316
1.7551 0.693878 0.000565069
1.7551 0.77551 0.000839693
1.7551 0.857143 0.00162589
1.7551 0.938776 0.00465359
1.7551 1.02041 0.0214547
1.7551 1.10204 0.13921
1.7551 1.18367 0.596156
1.7551 1.26531 0.922165
1.7551 1.34694 0.984973
1.7551 1.42857 0.99577
1.7551 1.5102 0.998289
1.7551 1.59184 0.999089
1.7551 1.67347 0.999412
1.7551 1.7551 0.999568
1.7551 1.83673 0.999654
1.7551 1.91837 0.999705
1.7551 2 0.999738
1.83673 -2 0.000305985
1.83673 -1.91837 0.000306098
1.83673 -1.83673 0.000306213
1.83673 -1.7551 0.00030633
1.83673 -1.67347 0.000306447
1.83673 -1.59184 0.000306566
1.83673 -1.5102 0.000306684
1.83673 -1.42857 0.000306801
1.83673 -1.34694 0.000306916
1.83673 -1.26531 0.000307028
1.83673 -1.18367 0.000307137
1.83673 -1.10204 0.000307242
1.83673 -1.02041 0.000307343
1.83673 -0.938776 0.00030744
1.83673 -0.857143 0.000307535
1.83673 -0.77551 0.00030763
1.83673 -0.693878 0.00030773
1.83673 -0.612245 0.000307843
1.83673 -0.530612 0.000307981
1.83673 -0.44898 0.000308162
1.83673 -0.367347 0.000308412
1.83673 -0.285714 0.000308769
1.83673 -0.204082 0.000309289
1.83673 -0.122449 0.000310054
1.83673 -0.0408163 0.000311181
1.83673 0.0408163 0.000312847
1.83673 0.122449 0.000315321
1.83673 0.204082 0.000319026
1.83673 0.285714 0.000324653
1.83673 0.367347 0.000333395
1.83673 0.44898 0.000347415
1.83673 0.530612 0.000370908
1.83673 0.612245 0.000412641
1.83673 0.693878 0.000492877
1.83673 0.77551 0.000665302
1.83673 0.857143 0.00110193
1.83673 0.938776 0.00251277
1.83673 1.02041 0.00887784
1.83673 1.10204 0.0494794
1.83673 1.18367 0.303231
1.83673 1.26531 0.794319
1.83673 1.34694 0.963694
1.83673 1.42857 0.991766
1.83673 1.5102 0.997249
1.83673 1.59184 0.998729
1.83673 1.67347 0.999258
1.83673 1.7551 0.99949
1.83673 1.83673 0.999609
1.83673 1.91837 0.999678
1.83673 2 0.99972
1.91837 -2 0.000305958
1.91837 -1.91837 0.00030607
1.91837 -1.83673 0.000306184
1.91837 -1.7551 0.000306301
1.91837 -1.67347 0.000306418
1.91837 -1.59184 0.000306536
1.91837 -1.5102 0.000306654
1.91837 -1.42857 0.000306771
1.91837 -1.34694 0.000306886
1.91837 -1.26531 0.000306999
1.91837 -1.18367 0.000307107
1.91837 -1.10204 0.000307211
1.91837 -1.02041 0.00030731
1.91837 -0.938776 0.000307404
1.91837 -0.857143 0.000307494
1.91837 -0.77551 0.000307581
1.91837 -0.693878 0.000307669
1.91837 -0.612245 0.000307765
1.91837 -0.530612 0.000307877
1.91837 -0.44898 0.00030802
1.91837 -0.367347 0.000308216
1.91837 -0.285714 0.000308497
1.91837 -0.204082 0.000308908
1.91837 -0.122449 0.000309518
1.91837 -0.0408163 0.000310423
1.91837 0.0408163 0.00031177
1.91837 0.122449 0.000313774
1.91837 0.204082 0.000316771
1.91837 0.285714 0.000321297
1.91837 0.367347 0.000328251
1.91837 0.44898 0.000339216
1.91837 0.530612 0.000357145
1.91837 0.612245 0.000387949
1.91837 0.693878 0.000444505
1.91837 0.77551 0.000558292
1.91837 0.857143 0.000819526
1.91837 0.938776 0.00154956
1.91837 1.02041 0.00426098
1.91837 1.10204 0.0186332
1.91837 1.18367 0.11709
1.91837 1.26531 0.540433
1.91837 1.34694 0.904906
1.91837 1.42857 0.981974
1.91837 1.5102 0.99512
1.91837 1.59184 0.998096
1.91837 1.67347 0.999014
1.91837 1.7551 0.999377
1.91837 1.83673 0.999549
1.91837 1.91837 0.999642
1.91837 2 0.999697
2 -2 0.00030593
2 -1.91837 0.000306042
2 -1.83673 0.000306156
2 -1.7551 0.000306272
2 -1.67347 0.000306389
2 -1.59184 0.000306507
2 -1.5102 0.000306625
2 -1.42857 0.000306742
2 -1.34694 0.000306858
2 -1.26531 0.00030697
2 -1.18367 0.000307078
2 -1.10204 0.000307182
2 -1.02041 0.00030728
2 -0.938776 0.000307372
2 -0.857143 0.000307458
2 -0.77551 0.00030754
2 -0.693878 0.000307619
2 -0.612245 0.000307701
2 -0.530612 0.000307792
2 -0.44898 0.000307905
2 -0.367347 0.000308057
2 -0.285714 0.000308274
2 -0.204082 0.000308595
2 -0.122449 0.000309076
2 -0.0408163 0.000309798
2 0.0408163 0.000310881
2 0.122449 0.0003125
2 0.204082 0.000314925
2 0.285714 0.000318578
2 0.367347 0.000324147
2 0.44898 0.000332809
2 0.530612 0.000346693
2 0.612245 0.000369889
2 0.693878 0.000410874
2 0.77551 0.000489017
2 0.857143 0.000654871
2 0.938776 0.00106705
2 1.02041 0.0023611
2 1.10204 0.00796508
2 1.18367 0.0422314
2 1.26531 0.260592
2 1.34694 0.755489
2 1.42857 0.955947
2 1.5102 0.990324
2 1.59184 0.996889
2 1.67347 0.998609
2 1.7551 0.999207
2 1.83673 0.999465
2 1.91837 0.999595
2 2 0.999669
