0 0.237979
1 0.233476
2 0.22825
3 0.220219
4 0.207363
5 0.187848
6 0.162104
7 0.134135
8 0.108784
9 0.0883362
10 0.0726912
11 0.0609313
12 0.0521049
13 0.0454225
14 0.0402848
15 0.0362619
16 0.0330529
17 0.0304481
18 0.0282994
19 0.0265009
20 0.0249755
21 0.0236662
22 0.02253
23 0.0215346
24 0.0206547
25 0.0198707
26 0.019167
27 0.0185314
28 0.0179539
29 0.0174262
30 0.0169417
31 0.0164949
32 0.0160812
33 0.0156966
34 0.0153378
35 0.0150021
36 0.0146871
37 0.0143907
38 0.014111
39 0.0138465
40 0.0135958
41 0.0133577
42 0.0131312
43 0.0129153
44 0.012709
45 0.0125118
46 0.0123228
47 0.0121415
48 0.0119673
49 0.0117998
50 0.0116383
51 0.0114826
52 0.0113322
53 0.0111868
54 0.0110461
55 0.0109096
56 0.0107773
57 0.0106487
58 0.0105236
59 0.0104019
60 0.0102833
61 0.0101675
62 0.0100544
63 0.0099439
64 0.00983569
65 0.00972966
66 0.00962563
67 0.00952348
68 0.00942305
69 0.0093242
70 0.00922682
71 0.00913078
72 0.00903595
73 0.00894225
74 0.00884955
75 0.00875777
76 0.00866682
77 0.00857661
78 0.00848708
79 0.00839815
80 0.00830977
81 0.00822188
82 0.00813445
83 0.00804744
84 0.00796082
85 0.00787457
86 0.00778869
87 0.00770317
88 0.00761801
89 0.00753323
90 0.00744884
91 0.00736487
92 0.00728134
93 0.00719828
94 0.00711573
95 0.00703372
96 0.0069523
97 0.0068715
98 0.00679136
99 0.00671193
100 0.00663325
101 0.00655534
102 0.00647825
103 0.00640202
104 0.00632667
105 0.00625223
106 0.00617873
107 0.0061062
108 0.00603465
109 0.00596409
110 0.00589456
111 0.00582604
112 0.00575856
113 0.00569213
114 0.00562673
115 0.00556238
116 0.00549907
117 0.0054368
118 0.00537557
119 0.00531536
120 0.00525617
121 0.005198
122 0.00514082
123 0.00508463
124 0.00502941
125 0.00497515
126 0.00492185
127 0.00486947
128 0.00481801
129 0.00476745
130 0.00471777
131 0.00466896
132 0.00462101
133 0.00457389
134 0.0045276
135 0.0044821
136 0.0044374
137 0.00439346
138 0.00435028
139 0.00430784
140 0.00426613
141 0.00422513
142 0.00418481
143 0.00414518
144 0.00410621
145 0.0040679
146 0.00403021
147 0.00399315
148 0.0039567
149 0.00392085
150 0.00388557
151 0.00385087
152 0.00381672
153 0.00378312
154 0.00375006
155 0.00371751
156 0.00368548
157 0.00365394
158 0.0036229
159 0.00359233
160 0.00356224
161 0.0035326
162 0.00350341
163 0.00347465
164 0.00344633
165 0.00341843
166 0.00339095
167 0.00336386
168 0.00333717
169 0.00331087
170 0.00328495
171 0.0032594
172 0.00323421
173 0.00320938
174 0.0031849
175 0.00316076
176 0.00313696
177 0.00311349
178 0.00309033
179 0.0030675
180 0.00304497
181 0.00302275
182 0.00300083
183 0.0029792
184 0.00295785
185 0.00293679
186 0.002916
187 0.00289548
188 0.00287523
189 0.00285524
190 0.00283551
191 0.00281602
192 0.00279678
193 0.00277779
194 0.00275903
195 0.0027405
196 0.0027222
197 0.00270413
198 0.00268628
199 0.00266864
200 0.00265122
201 0.002634
202 0.002617
203 0.00260019
204 0.00258358
205 0.00256717
206 0.00255095
207 0.00253491
208 0.00251906
209 0.0025034
210 0.00248791
211 0.0024726
212 0.00245746
213 0.00244249
214 0.00242769
215 0.00241305
216 0.00239857
217 0.00238425
218 0.00237009
219 0.00235609
220 0.00234223
221 0.00232853
222 0.00231497
223 0.00230155
224 0.00228828
225 0.00227515
226 0.00226215
227 0.00224929
228 0.00223656
229 0.00222397
230 0.0022115
231 0.00219916
232 0.00218695
233 0.00217486
234 0.00216289
235 0.00215105
236 0.00213932
237 0.0021277
238 0.00211621
239 0.00210482
240 0.00209354
241 0.00208238
242 0.00207132
243 0.00206037
244 0.00204953
245 0.00203879
246 0.00202815
247 0.00201761
248 0.00200717
249 0.00199682
250 0.00198658
251 0.00197643
252 0.00196637
253 0.00195641
254 0.00194653
255 0.00193675
256 0.00192705
257 0.00191745
258 0.00190793
259 0.00189849
260 0.00188914
261 0.00187987
262 0.00187068
263 0.00186158
264 0.00185255
265 0.0018436
266 0.00183473
267 0.00182594
268 0.00181722
269 0.00180858
270 0.00180001
271 0.00179152
272 0.00178309
273 0.00177474
274 0.00176645
275 0.00175824
276 0.00175009
277 0.00174202
278 0.001734
279 0.00172606
280 0.00171818
281 0.00171036
282 0.00170261
283 0.00169492
284 0.00168729
285 0.00167972
286 0.00167221
287 0.00166477
288 0.00165738
289 0.00165005
290 0.00164278
291 0.00163556
292 0.0016284
293 0.0016213
294 0.00161425
295 0.00160726
296 0.00160032
297 0.00159343
298 0.0015866
299 0.00157982
300 0.00157309
301 0.00156641
302 0.00155978
303 0.0015532
304 0.00154666
305 0.00154018
306 0.00153375
307 0.00152736
308 0.00152102
309 0.00151473
310 0.00150848
311 0.00150228
312 0.00149612
313 0.00149001
314 0.00148394
315 0.00147791
316 0.00147193
317 0.00146599
318 0.00146009
319 0.00145424
320 0.00144842
321 0.00144265
322 0.00143692
323 0.00143122
324 0.00142557
325 0.00141996
326 0.00141438
327 0.00140884
328 0.00140334
329 0.00139788
330 0.00139246
331 0.00138707
332 0.00138172
333 0.0013764
334 0.00137112
335 0.00136588
336 0.00136067
337 0.0013555
338 0.00135036
339 0.00134525
340 0.00134018
341 0.00133514
342 0.00133013
343 0.00132516
344 0.00132022
345 0.00131531
346 0.00131043
347 0.00130559
348 0.00130077
349 0.00129599
350 0.00129123
351 0.00128651
352 0.00128182
353 0.00127716
354 0.00127252
355 0.00126792
356 0.00126334
357 0.00125879
358 0.00125428
359 0.00124978
360 0.00124532
361 0.00124089
362 0.00123648
363 0.0012321
364 0.00122774
365 0.00122341
366 0.00121911
367 0.00121484
368 0.00121059
369 0.00120636
370 0.00120217
371 0.00119799
372 0.00119384
373 0.00118972
374 0.00118562
375 0.00118155
376 0.0011775
377 0.00117347
378 0.00116947
379 0.00116549
380 0.00116153
381 0.0011576
382 0.00115368
383 0.0011498
384 0.00114593
385 0.00114209
386 0.00113827
387 0.00113447
388 0.00113069
389 0.00112693
390 0.0011232
391 0.00111948
392 0.00111579
393 0.00111212
394 0.00110847
395 0.00110484
396 0.00110122
397 0.00109763
398 0.00109406
399 0.00109051
400 0.00108698
401 0.00108347
402 0.00107998
403 0.0010765
404 0.00107305
405 0.00106961
406 0.0010662
407 0.0010628
408 0.00105942
409 0.00105605
410 0.00105271
411 0.00104938
412 0.00104608
413 0.00104279
414 0.00103951
415 0.00103626
416 0.00103302
417 0.0010298
418 0.00102659
419 0.00102341
420 0.00102023
421 0.00101708
422 0.00101394
423 0.00101082
424 0.00100772
425 0.00100463
426 0.00100155
427 0.000998495
428 0.000995453
429 0.000992427
430 0.000989416
431 0.00098642
432 0.00098344
433 0.000980474
434 0.000977524
435 0.000974589
436 0.000971668
437 0.000968762
438 0.000965871
439 0.000962994
440 0.000960131
441 0.000957282
442 0.000954448
443 0.000951628
444 0.000948821
445 0.000946029
446 0.00094325
447 0.000940484
448 0.000937732
449 0.000934994
450 0.000932269
451 0.000929557
452 0.000926858
453 0.000924172
454 0.000921499
455 0.000918839
456 0.000916192
457 0.000913558
458 0.000910936
459 0.000908326
460 0.000905729
461 0.000903144
462 0.000900571
463 0.000898011
464 0.000895462
465 0.000892925
466 0.000890401
467 0.000887888
468 0.000885387
469 0.000882897
470 0.000880419
471 0.000877952
472 0.000875497
473 0.000873053
474 0.000870621
475 0.000868199
476 0.000865789
477 0.000863389
478 0.000861001
479 0.000858623
480 0.000856257
481 0.0008539
482 0.000851555
483 0.00084922
484 0.000846896
485 0.000844581
486 0.000842278
487 0.000839984
488 0.000837701
489 0.000835428
490 0.000833165
491 0.000830912
492 0.000828669
493 0.000826436
494 0.000824213
495 0.000822
496 0.000819796
497 0.000817602
498 0.000815417
499 0.000813242
500 0.000811076
501 0.00080892
502 0.000806773
503 0.000804635
504 0.000802507
505 0.000800387
506 0.000798277
507 0.000796176
508 0.000794083
509 0.000792
510 0.000789926
511 0.00078786
512 0.000785803
513 0.000783755
514 0.000781715
515 0.000779684
516 0.000777661
517 0.000775647
518 0.000773642
519 0.000771644
520 0.000769655
521 0.000767675
522 0.000765702
523 0.000763738
524 0.000761782
525 0.000759834
526 0.000757894
527 0.000755962
528 0.000754037
529 0.000752121
530 0.000750213
531 0.000748312
532 0.000746419
533 0.000744534
534 0.000742656
535 0.000740786
536 0.000738924
537 0.000737069
538 0.000735221
539 0.000733381
540 0.000731548
541 0.000729723
542 0.000727905
543 0.000726094
544 0.00072429
545 0.000722493
546 0.000720704
547 0.000718922
548 0.000717146
549 0.000715378
550 0.000713617
551 0.000711862
552 0.000710115
553 0.000708374
554 0.00070664
555 0.000704913
556 0.000703192
557 0.000701478
558 0.000699771
559 0.000698071
560 0.000696376
561 0.000694689
562 0.000693008
563 0.000691333
564 0.000689665
565 0.000688004
566 0.000686348
567 0.000684699
568 0.000683056
569 0.00068142
570 0.000679789
571 0.000678165
572 0.000676547
573 0.000674935
574 0.000673329
575 0.000671729
576 0.000670136
577 0.000668548
578 0.000666966
579 0.00066539
580 0.00066382
581 0.000662255
582 0.000660697
583 0.000659144
584 0.000657597
585 0.000656056
586 0.00065452
587 0.000652991
588 0.000651466
589 0.000649948
590 0.000648434
591 0.000646927
592 0.000645425
593 0.000643928
594 0.000642437
595 0.000640951
596 0.000639471
597 0.000637996
598 0.000636526
599 0.000635062
600 0.000633603
601 0.000632149
602 0.000630701
603 0.000629257
604 0.000627819
605 0.000626386
606 0.000624958
607 0.000623535
608 0.000622118
609 0.000620705
610 0.000619297
611 0.000617895
612 0.000616497
613 0.000615104
614 0.000613716
615 0.000612333
616 0.000610955
617 0.000609582
618 0.000608213
619 0.000606849
620 0.00060549
621 0.000604136
622 0.000602787
623 0.000601442
624 0.000600102
625 0.000598766
626 0.000597436
627 0.000596109
628 0.000594788
629 0.000593471
630 0.000592158
631 0.00059085
632 0.000589546
633 0.000588247
634 0.000586953
635 0.000585663
636 0.000584377
637 0.000583095
638 0.000581818
639 0.000580546
640 0.000579277
641 0.000578013
642 0.000576753
643 0.000575498
644 0.000574246
645 0.000572999
646 0.000571756
647 0.000570518
648 0.000569283
649 0.000568053
650 0.000566826
651 0.000565604
652 0.000564386
653 0.000563172
654 0.000561962
655 0.000560756
656 0.000559554
657 0.000558356
658 0.000557162
659 0.000555972
660 0.000554786
661 0.000553603
662 0.000552425
663 0.00055125
664 0.00055008
665 0.000548913
666 0.00054775
667 0.000546591
668 0.000545436
669 0.000544284
670 0.000543136
671 0.000541992
672 0.000540851
673 0.000539715
674 0.000538582
675 0.000537452
676 0.000536327
677 0.000535205
678 0.000534086
679 0.000532971
680 0.00053186
681 0.000530752
682 0.000529648
683 0.000528548
684 0.000527451
685 0.000526357
686 0.000525267
687 0.00052418
688 0.000523097
689 0.000522018
690 0.000520941
691 0.000519868
692 0.000518799
693 0.000517733
694 0.00051667
695 0.000515611
696 0.000514555
697 0.000513502
698 0.000512453
699 0.000511407
700 0.000510364
701 0.000509324
702 0.000508288
703 0.000507255
704 0.000506225
705 0.000505199
706 0.000504175
707 0.000503155
708 0.000502138
709 0.000501124
710 0.000500114
711 0.000499106
712 0.000498102
713 0.0004971
714 0.000496102
715 0.000495107
716 0.000494115
717 0.000493126
718 0.00049214
719 0.000491157
720 0.000490177
721 0.0004892
722 0.000488226
723 0.000487254
724 0.000486286
725 0.000485321
726 0.000484359
727 0.0004834
728 0.000482444
729 0.00048149
730 0.00048054
731 0.000479592
732 0.000478647
733 0.000477705
734 0.000476766
735 0.00047583
736 0.000474896
737 0.000473966
738 0.000473038
739 0.000472113
740 0.000471191
741 0.000470271
742 0.000469354
743 0.00046844
744 0.000467529
745 0.00046662
746 0.000465715
747 0.000464811
748 0.000463911
749 0.000463013
750 0.000462118
751 0.000461225
752 0.000460336
753 0.000459448
754 0.000458564
755 0.000457682
756 0.000456802
757 0.000455926
758 0.000455051
759 0.00045418
760 0.000453311
761 0.000452444
762 0.00045158
763 0.000450719
764 0.00044986
765 0.000449003
766 0.000448149
767 0.000447298
768 0.000446449
769 0.000445602
770 0.000444758
771 0.000443917
772 0.000443078
773 0.000442241
774 0.000441407
775 0.000440575
776 0.000439745
777 0.000438918
778 0.000438094
779 0.000437271
780 0.000436451
781 0.000435634
782 0.000434818
783 0.000434006
784 0.000433195
785 0.000432387
786 0.000431581
787 0.000430777
788 0.000429976
789 0.000429177
790 0.00042838
791 0.000427585
792 0.000426793
793 0.000426003
794 0.000425215
795 0.00042443
796 0.000423647
797 0.000422866
798 0.000422087
799 0.00042131
800 0.000420536
801 0.000419763
802 0.000418993
803 0.000418225
804 0.000417459
805 0.000416696
806 0.000415934
807 0.000415175
808 0.000414418
809 0.000413663
810 0.00041291
811 0.000412159
812 0.00041141
813 0.000410663
814 0.000409919
815 0.000409176
816 0.000408435
817 0.000407697
818 0.000406961
819 0.000406226
820 0.000405494
821 0.000404764
822 0.000404036
823 0.000403309
824 0.000402585
825 0.000401863
826 0.000401143
827 0.000400424
828 0.000399708
829 0.000398994
830 0.000398281
831 0.000397571
832 0.000396862
833 0.000396156
834 0.000395451
835 0.000394749
836 0.000394048
837 0.000393349
838 0.000392652
839 0.000391957
840 0.000391264
841 0.000390573
842 0.000389883
843 0.000389196
844 0.00038851
845 0.000387827
846 0.000387145
847 0.000386465
848 0.000385786
849 0.00038511
850 0.000384435
851 0.000383763
852 0.000383092
853 0.000382422
854 0.000381755
855 0.00038109
856 0.000380426
857 0.000379764
858 0.000379104
859 0.000378445
860 0.000377788
861 0.000377134
862 0.00037648
863 0.000375829
864 0.000375179
865 0.000374531
866 0.000373885
867 0.00037324
868 0.000372598
869 0.000371957
870 0.000371317
871 0.000370679
872 0.000370043
873 0.000369409
874 0.000368776
875 0.000368145
876 0.000367516
877 0.000366888
878 0.000366262
879 0.000365638
880 0.000365015
881 0.000364394
882 0.000363775
883 0.000363157
884 0.000362541
885 0.000361926
886 0.000361313
887 0.000360702
888 0.000360092
889 0.000359484
890 0.000358877
891 0.000358272
892 0.000357669
893 0.000357067
894 0.000356467
895 0.000355868
896 0.000355271
897 0.000354675
898 0.000354081
899 0.000353488
900 0.000352897
901 0.000352308
902 0.00035172
903 0.000351133
904 0.000350548
905 0.000349965
906 0.000349383
907 0.000348802
908 0.000348223
909 0.000347646
910 0.00034707
911 0.000346496
912 0.000345922
913 0.000345351
914 0.000344781
915 0.000344212
916 0.000343645
917 0.000343079
918 0.000342515
919 0.000341952
920 0.000341391
921 0.000340831
922 0.000340272
923 0.000339715
924 0.000339159
925 0.000338605
926 0.000338052
927 0.0003375
928 0.00033695
929 0.000336401
930 0.000335854
931 0.000335308
932 0.000334763
933 0.00033422
934 0.000333678
935 0.000333138
936 0.000332599
937 0.000332061
938 0.000331524
939 0.000330989
940 0.000330456
941 0.000329923
942 0.000329392
943 0.000328862
944 0.000328334
945 0.000327807
946 0.000327281
947 0.000326757
948 0.000326233
949 0.000325711
950 0.000325191
951 0.000324672
952 0.000324154
953 0.000323637
954 0.000323121
955 0.000322607
956 0.000322094
957 0.000321583
958 0.000321072
959 0.000320563
960 0.000320056
961 0.000319549
962 0.000319044
963 0.00031854
964 0.000318037
965 0.000317535
966 0.000317035
967 0.000316536
968 0.000316038
969 0.000315541
970 0.000315045
971 0.000314551
972 0.000314058
973 0.000313566
974 0.000313076
975 0.000312586
976 0.000312098
977 0.000311611
978 0.000311125
979 0.00031064
980 0.000310157
981 0.000309674
982 0.000309193
983 0.000308713
984 0.000308234
985 0.000307756
986 0.00030728
987 0.000306805
988 0.00030633
989 0.000305857
990 0.000305385
991 0.000304914
992 0.000304445
993 0.000303976
994 0.000303509
995 0.000303042
996 0.000302577
997 0.000302113
998 0.00030165
999 0.000301188
