-0.724448 -0.695517 0 0.0204316
1.57006 -0.590533 0 0.000867909
-1.09641 -1.37608 0 0.00177385
-0.866298 1.7539 1 0.999747
1.95862 1.60875 1 0.999236
-1.51134 0.488113 1 0.999727
-1.82092 -0.783776 1 0.996855
0.240913 -0.641804 0 0.000915515
1.63366 -0.678182 0 0.000864748
0.524491 0.682821 1 0.985371
-0.795373 1.76403 1 0.999747
0.365307 1.7611 1 0.999718
-0.136784 -0.977874 0 0.000940555
-1.85388 1.97742 1 0.999752
-0.143498 1.1539 1 0.999721
1.2993 0.225654 0 0.00102598
0.935148 1.61254 1 0.999676
-0.651326 0.27839 1 0.999626
0.743858 -1.42576 0 0.0008644
-1.56859 -0.272897 1 0.999555
0.502518 0.398267 0 0.0439187
-0.581744 0.117496 1 0.99943
1.09934 1.84277 1 0.999696
-0.237861 1.9049 1 0.999745
0.725059 -0.333934 0 0.000919646
1.19822 1.85522 1 0.999692
1.1699 -1.76574 0 0.000859818
-0.580767 0.516068 1 0.999685
-0.0903958 1.76183 1 0.999739
1.85473 1.38353 1 0.996669
-0.893155 -0.190252 1 0.999056
1.6737 1.38865 1 0.998685
0.650227 -1.33201 0 0.000866237
-1.85778 -1.6704 0 0.00235246
-1.64245 1.24363 1 0.99975
-0.545122 -1.12558 0 0.00128676
0.469314 0.0831935 0 0.00159533
-1.83068 0.758507 1 0.999745
1.55504 -1.84777 0 0.000857424
-0.633137 0.802576 1 0.999723
0.958464 1.99878 1 0.999711
-0.335643 -1.62377 0 0.000945424
-1.09128 1.92224 1 0.999748
1.20359 1.932 1 0.999699
-0.581744 -0.221992 1 0.981695
-1.25938 0.233345 1 0.999688
-0.903897 -0.962127 0 0.00520237
-0.0359508 1.90515 1 0.999738
-1.00021 1.73412 1 0.999747
1.16245 0.927458 1 0.954165
-1.34825 -1.08969 0 0.0166089
-1.63085 -0.299142 1 0.999555
1.34446 -0.792566 0 0.000866391
0.110416 -0.693319 0 0.000926101
1.85937 -1.79553 0 0.000855625
1.87646 0.587603 0 0.00113687
1.72533 1.14499 1 0.878628
0.447707 1.67309 1 0.99971
-0.85873 1.66857 1 0.999747
0.195502 -0.42378 0 0.0009869
-1.31272 1.17759 1 0.999746
1.48497 1.48509 1 0.999467
-0.0497452 -0.539506 0 0.00107204
-0.695761 1.37388 1 0.999744
-1.81201 1.1981 1 0.999751
-1.75402 -0.438917 1 0.999469
0.158879 0.97763 1 0.999615
-0.0355846 0.836146 1 0.999634
0.238105 -0.560015 0 0.000931265
1.23435 0.782678 0 0.111618
-0.0490127 1.18418 1 0.999714
-1.26304 -0.0790429 1 0.999596
0.0422987 -0.945036 0 0.000901669
-1.30271 -0.702841 1 0.951713
0.212226 -0.561113 0 0.000935523
-0.502274 1.14133 1 0.999737
-0.360424 1.19163 1 0.999736
1.39305 0.221503 0 0.000996534
1.42027 -1.17563 0 0.000860244
-0.546953 1.51854 1 0.999745
-1.95593 -1.42711 0 0.0142523
1.85534 1.84484 1 0.999622
1.03598 1.974 1 0.999708
1.65563 -0.964812 0 0.000859987
-0.1142 1.57482 1 0.999737
0.159368 -1.66832 0 0.0008682
1.39341 -0.599567 0 0.000870788
-1.98022 -0.411084 1 0.999575
-1.44908 0.804041 1 0.99974
0.187811 -1.07468 0 0.000881289
0.0910062 -1.67565 0 0.000870096
-1.16233 0.444411 1 0.999711
1.82275 -1.82324 0 0.000855858
0.395825 -0.349193 0 0.000961278
-1.11789 0.00177007 1 0.999605
0.794153 -1.81249 0 0.000862163
0.0220344 -1.50389 0 0.000876185
-0.923063 -0.482009 1 0.966424
-0.934782 1.5526 1 0.999746
1.48277 1.17808 1 0.994552
