-0.777793 -0.562265 -0.0520097
-0.356638 1.00207 -0.0693952
0.0724888 0.879787 0.0155079
-0.187236 0.991609 -0.0320949
0.716648 -0.0227455 -0.0160449
-0.445038 1.01415 -0.0549469
0.148301 -0.802437 0.0815111
-0.367827 -1.00187 -0.00543312
-0.0778372 -0.671971 -1.05391 -1.11626 0.877361 -0.533505 0.176806 0.133524 0.667906
-1.15964 0.871451 1.0371 1.36459 0.547299 1.39195 -1.56116 -0.985649 -0.08439
0.434622 -1.16495 -1.68183 -0.71961 0.340193 -0.298757 1.12805 0.931333 0.386498
0.729538 0.43901 0.963292 0.803058 0.0197043 -0.750863 -0.159598 -0.450558 0.0257792
1.79141 -5.105 3.52273 -0.625997 0.618827
