1.18774 0.859487 -0.0139639 0.0925058 -0.0442239
0.0957491 -0.590086 0.772966 -0.943097 0.0464839
-0.729233 -0.648902 0.274646 -0.8863 -0.0393261
-0.973673 0.836576 -0.461209 -0.439997 -0.00224164
0.564189 0.209143 0.409182 0.788117 -0.0398543
-0.705933 -0.342064 0.472315 -0.192478 -0.0313489
-0.240392 0.946813 0.462054 -0.781603 -0.0129136
-0.611188 0.0543162 0.560407 -0.075244 -0.0112316
-0.684408 -0.391297 -0.0133303 0.324058 -1.23458 1.34726 0.894226 1.71729 -0.298269
0.943227 -0.182858 -1.01611 -0.0759026 0.516413 -1.24473 0.0128667 -0.364577 0.15925
-0.0233182 0.984043 -1.28654 0.0974994 1.24601 -1.01705 -0.848955 -1.47591 0.219483
1.21861 0.277799 -1.1951 0.214354 1.10278 -0.358593 -1.15397 -1.17142 -0.0542209
3.95017 -1.5977 -2.8447 -2.61322 1.13711
