0 0.260201
1 0.24877
2 0.242489
3 0.236327
4 0.228442
5 0.216789
6 0.199027
7 0.173699
8 0.142942
9 0.112871
10 0.0885667
11 0.0708808
12 0.0583649
13 0.0494029
14 0.0428217
15 0.0378527
16 0.0339994
17 0.030937
18 0.0284493
19 0.026389
20 0.024654
21 0.0231715
22 0.0218889
23 0.020767
24 0.0197766
25 0.0188949
26 0.0181043
27 0.0173908
28 0.0167433
29 0.0161527
30 0.0156116
31 0.0151137
32 0.0146538
33 0.0142278
34 0.0138317
35 0.0134626
36 0.0131176
37 0.0127944
38 0.0124909
39 0.0122054
40 0.0119362
41 0.011682
42 0.0114415
43 0.0112136
44 0.0109973
45 0.0107918
46 0.0105962
47 0.0104097
48 0.0102318
49 0.0100619
50 0.00989939
51 0.00974379
52 0.00959465
53 0.00945158
54 0.00931418
55 0.00918212
56 0.00905506
57 0.00893271
58 0.0088148
59 0.00870108
60 0.0085913
61 0.00848526
62 0.00838275
63 0.00828357
64 0.00818757
65 0.00809456
66 0.00800441
67 0.00791696
68 0.00783208
69 0.00774965
70 0.00766954
71 0.00759166
72 0.00751589
73 0.00744214
74 0.00737031
75 0.00730032
76 0.0072321
77 0.00716555
78 0.00710061
79 0.00703721
80 0.00697529
81 0.00691478
82 0.00685563
83 0.00679777
84 0.00674117
85 0.00668576
86 0.00663151
87 0.00657836
88 0.00652628
89 0.00647521
90 0.00642514
91 0.006376
92 0.00632779
93 0.00628044
94 0.00623395
95 0.00618827
96 0.00614337
97 0.00609923
98 0.00605582
99 0.00601312
100 0.00597109
101 0.00592971
102 0.00588897
103 0.00584883
104 0.00580928
105 0.0057703
106 0.00573186
107 0.00569395
108 0.00565655
109 0.00561963
110 0.00558319
111 0.0055472
112 0.00551165
113 0.00547652
114 0.00544179
115 0.00540746
116 0.0053735
117 0.0053399
118 0.00530665
119 0.00527374
120 0.00524114
121 0.00520885
122 0.00517686
123 0.00514515
124 0.0051137
125 0.00508252
126 0.00505158
127 0.00502087
128 0.00499039
129 0.00496012
130 0.00493005
131 0.00490017
132 0.00487047
133 0.00484094
134 0.00481158
135 0.00478236
136 0.00475329
137 0.00472435
138 0.00469553
139 0.00466683
140 0.00463823
141 0.00460974
142 0.00458133
143 0.00455301
144 0.00452476
145 0.00449659
146 0.00446848
147 0.00444042
148 0.00441242
149 0.00438447
150 0.00435655
151 0.00432868
152 0.00430084
153 0.00427303
154 0.00424524
155 0.00421749
156 0.00418975
157 0.00416204
158 0.00413435
159 0.00410669
160 0.00407904
161 0.00405142
162 0.00402382
163 0.00399626
164 0.00396872
165 0.00394122
166 0.00391375
167 0.00388633
168 0.00385896
169 0.00383164
170 0.00380438
171 0.00377719
172 0.00375007
173 0.00372303
174 0.00369607
175 0.00366922
176 0.00364247
177 0.00361583
178 0.00358931
179 0.00356292
180 0.00353667
181 0.00351056
182 0.00348461
183 0.00345882
184 0.00343321
185 0.00340778
186 0.00338253
187 0.00335748
188 0.00333263
189 0.00330799
190 0.00328357
191 0.00325937
192 0.0032354
193 0.00321166
194 0.00318816
195 0.00316491
196 0.0031419
197 0.00311915
198 0.00309665
199 0.00307441
200 0.00305242
201 0.0030307
202 0.00300925
203 0.00298805
204 0.00296712
205 0.00294646
206 0.00292606
207 0.00290593
208 0.00288606
209 0.00286646
210 0.00284711
211 0.00282802
212 0.00280919
213 0.00279062
214 0.0027723
215 0.00275423
216 0.0027364
217 0.00271882
218 0.00270148
219 0.00268438
220 0.00266751
221 0.00265088
222 0.00263447
223 0.00261828
224 0.00260231
225 0.00258656
226 0.00257102
227 0.00255569
228 0.00254056
229 0.00252564
230 0.00251091
231 0.00249637
232 0.00248202
233 0.00246786
234 0.00245387
235 0.00244007
236 0.00242644
237 0.00241298
238 0.00239969
239 0.00238656
240 0.00237359
241 0.00236077
242 0.00234812
243 0.00233561
244 0.00232324
245 0.00231103
246 0.00229895
247 0.00228701
248 0.0022752
249 0.00226353
250 0.00225198
251 0.00224057
252 0.00222927
253 0.0022181
254 0.00220705
255 0.00219611
256 0.00218528
257 0.00217457
258 0.00216397
259 0.00215347
260 0.00214308
261 0.0021328
262 0.00212261
263 0.00211252
264 0.00210253
265 0.00209263
266 0.00208283
267 0.00207311
268 0.00206349
269 0.00205396
270 0.00204451
271 0.00203515
272 0.00202586
273 0.00201667
274 0.00200755
275 0.00199851
276 0.00198954
277 0.00198066
278 0.00197184
279 0.0019631
280 0.00195444
281 0.00194584
282 0.00193731
283 0.00192885
284 0.00192046
285 0.00191214
286 0.00190388
287 0.00189568
288 0.00188755
289 0.00187948
290 0.00187147
291 0.00186352
292 0.00185562
293 0.00184779
294 0.00184002
295 0.0018323
296 0.00182464
297 0.00181703
298 0.00180947
299 0.00180197
300 0.00179452
301 0.00178713
302 0.00177978
303 0.00177249
304 0.00176524
305 0.00175804
306 0.0017509
307 0.0017438
308 0.00173674
309 0.00172974
310 0.00172278
311 0.00171586
312 0.00170899
313 0.00170216
314 0.00169538
315 0.00168864
316 0.00168194
317 0.00167529
318 0.00166867
319 0.0016621
320 0.00165557
321 0.00164907
322 0.00164262
323 0.00163621
324 0.00162983
325 0.0016235
326 0.0016172
327 0.00161094
328 0.00160471
329 0.00159853
330 0.00159238
331 0.00158626
332 0.00158018
333 0.00157414
334 0.00156813
335 0.00156216
336 0.00155622
337 0.00155031
338 0.00154444
339 0.0015386
340 0.0015328
341 0.00152702
342 0.00152128
343 0.00151558
344 0.0015099
345 0.00150426
346 0.00149864
347 0.00149306
348 0.00148751
349 0.00148199
350 0.0014765
351 0.00147104
352 0.00146561
353 0.0014602
354 0.00145483
355 0.00144949
356 0.00144418
357 0.00143889
358 0.00143363
359 0.00142841
360 0.00142321
361 0.00141803
362 0.00141289
363 0.00140777
364 0.00140268
365 0.00139762
366 0.00139258
367 0.00138757
368 0.00138259
369 0.00137763
370 0.0013727
371 0.0013678
372 0.00136292
373 0.00135807
374 0.00135324
375 0.00134844
376 0.00134366
377 0.00133891
378 0.00133419
379 0.00132948
380 0.00132481
381 0.00132015
382 0.00131552
383 0.00131092
384 0.00130634
385 0.00130178
386 0.00129725
387 0.00129274
388 0.00128826
389 0.00128379
390 0.00127935
391 0.00127494
392 0.00127054
393 0.00126617
394 0.00126183
395 0.0012575
396 0.0012532
397 0.00124892
398 0.00124466
399 0.00124042
400 0.00123621
401 0.00123201
402 0.00122784
403 0.00122369
404 0.00121956
405 0.00121545
406 0.00121137
407 0.0012073
408 0.00120326
409 0.00119923
410 0.00119523
411 0.00119125
412 0.00118729
413 0.00118335
414 0.00117942
415 0.00117552
416 0.00117164
417 0.00116778
418 0.00116394
419 0.00116012
420 0.00115631
421 0.00115253
422 0.00114877
423 0.00114502
424 0.00114129
425 0.00113759
426 0.0011339
427 0.00113023
428 0.00112658
429 0.00112295
430 0.00111933
431 0.00111574
432 0.00111216
433 0.0011086
434 0.00110506
435 0.00110154
436 0.00109803
437 0.00109455
438 0.00109108
439 0.00108762
440 0.00108419
441 0.00108077
442 0.00107737
443 0.00107398
444 0.00107062
445 0.00106727
446 0.00106393
447 0.00106062
448 0.00105732
449 0.00105403
450 0.00105077
451 0.00104751
452 0.00104428
453 0.00104106
454 0.00103786
455 0.00103467
456 0.0010315
457 0.00102834
458 0.0010252
459 0.00102208
460 0.00101897
461 0.00101588
462 0.0010128
463 0.00100973
464 0.00100669
465 0.00100365
466 0.00100063
467 0.00099763
468 0.00099464
469 0.000991665
470 0.000988705
471 0.000985759
472 0.000982827
473 0.00097991
474 0.000977006
475 0.000974117
476 0.000971241
477 0.00096838
478 0.000965532
479 0.000962698
480 0.000959877
481 0.00095707
482 0.000954276
483 0.000951496
484 0.000948729
485 0.000945975
486 0.000943234
487 0.000940506
488 0.000937792
489 0.00093509
490 0.0009324
491 0.000929724
492 0.00092706
493 0.000924409
494 0.00092177
495 0.000919143
496 0.000916529
497 0.000913927
498 0.000911337
499 0.000908759
500 0.000906193
501 0.00090364
502 0.000901098
503 0.000898567
504 0.000896049
505 0.000893542
506 0.000891047
507 0.000888563
508 0.000886091
509 0.00088363
510 0.00088118
511 0.000878741
512 0.000876314
513 0.000873898
514 0.000871492
515 0.000869098
516 0.000866714
517 0.000864342
518 0.00086198
519 0.000859629
520 0.000857288
521 0.000854958
522 0.000852638
523 0.000850329
524 0.00084803
525 0.000845741
526 0.000843463
527 0.000841195
528 0.000838937
529 0.000836689
530 0.000834451
531 0.000832223
532 0.000830004
533 0.000827796
534 0.000825597
535 0.000823408
536 0.000821229
537 0.000819059
538 0.000816899
539 0.000814748
540 0.000812606
541 0.000810474
542 0.000808351
543 0.000806238
544 0.000804133
545 0.000802038
546 0.000799952
547 0.000797875
548 0.000795806
549 0.000793747
550 0.000791697
551 0.000789655
552 0.000787622
553 0.000785598
554 0.000783582
555 0.000781575
556 0.000779577
557 0.000777587
558 0.000775606
559 0.000773632
560 0.000771668
561 0.000769711
562 0.000767763
563 0.000765823
564 0.000763892
565 0.000761968
566 0.000760052
567 0.000758145
568 0.000756245
569 0.000754354
570 0.00075247
571 0.000750594
572 0.000748726
573 0.000746865
574 0.000745013
575 0.000743168
576 0.00074133
577 0.000739501
578 0.000737678
579 0.000735864
580 0.000734056
581 0.000732256
582 0.000730464
583 0.000728678
584 0.0007269
585 0.00072513
586 0.000723366
587 0.00072161
588 0.000719861
589 0.000718118
590 0.000716383
591 0.000714655
592 0.000712934
593 0.00071122
594 0.000709512
595 0.000707812
596 0.000706118
597 0.000704431
598 0.000702751
599 0.000701077
600 0.000699411
601 0.00069775
602 0.000696097
603 0.00069445
604 0.000692809
605 0.000691175
606 0.000689547
607 0.000687926
608 0.000686311
609 0.000684703
610 0.0006831
611 0.000681505
612 0.000679915
613 0.000678331
614 0.000676754
615 0.000675183
616 0.000673618
617 0.000672059
618 0.000670506
619 0.000668959
620 0.000667418
621 0.000665883
622 0.000664353
623 0.00066283
624 0.000661313
625 0.000659801
626 0.000658295
627 0.000656795
628 0.000655301
629 0.000653812
630 0.000652329
631 0.000650852
632 0.00064938
633 0.000647914
634 0.000646453
635 0.000644998
636 0.000643548
637 0.000642104
638 0.000640665
639 0.000639232
640 0.000637804
641 0.000636381
642 0.000634964
643 0.000633552
644 0.000632145
645 0.000630743
646 0.000629347
647 0.000627956
648 0.00062657
649 0.000625189
650 0.000623813
651 0.000622442
652 0.000621077
653 0.000619716
654 0.00061836
655 0.00061701
656 0.000615664
657 0.000614323
658 0.000612987
659 0.000611656
660 0.00061033
661 0.000609009
662 0.000607692
663 0.00060638
664 0.000605073
665 0.000603771
666 0.000602473
667 0.00060118
668 0.000599892
669 0.000598608
670 0.000597329
671 0.000596054
672 0.000594784
673 0.000593519
674 0.000592258
675 0.000591002
676 0.00058975
677 0.000588502
678 0.000587259
679 0.00058602
680 0.000584786
681 0.000583556
682 0.00058233
683 0.000581109
684 0.000579892
685 0.000578679
686 0.000577471
687 0.000576267
688 0.000575066
689 0.000573871
690 0.000572679
691 0.000571491
692 0.000570308
693 0.000569129
694 0.000567953
695 0.000566782
696 0.000565615
697 0.000564452
698 0.000563293
699 0.000562138
700 0.000560987
701 0.00055984
702 0.000558696
703 0.000557557
704 0.000556421
705 0.00055529
706 0.000554162
707 0.000553038
708 0.000551918
709 0.000550802
710 0.000549689
711 0.000548581
712 0.000547476
713 0.000546375
714 0.000545277
715 0.000544183
716 0.000543093
717 0.000542006
718 0.000540924
719 0.000539844
720 0.000538769
721 0.000537697
722 0.000536628
723 0.000535563
724 0.000534502
725 0.000533444
726 0.00053239
727 0.000531339
728 0.000530291
729 0.000529247
730 0.000528207
731 0.00052717
732 0.000526136
733 0.000525106
734 0.000524079
735 0.000523055
736 0.000522035
737 0.000521018
738 0.000520004
739 0.000518994
740 0.000517987
741 0.000516983
742 0.000515983
743 0.000514986
744 0.000513992
745 0.000513001
746 0.000512013
747 0.000511029
748 0.000510047
749 0.000509069
750 0.000508094
751 0.000507122
752 0.000506154
753 0.000505188
754 0.000504225
755 0.000503266
756 0.000502309
757 0.000501356
758 0.000500405
759 0.000499458
760 0.000498513
761 0.000497572
762 0.000496633
763 0.000495698
764 0.000494765
765 0.000493836
766 0.000492909
767 0.000491985
768 0.000491064
769 0.000490146
770 0.000489231
771 0.000488318
772 0.000487409
773 0.000486502
774 0.000485598
775 0.000484697
776 0.000483799
777 0.000482903
778 0.000482011
779 0.000481121
780 0.000480233
781 0.000479349
782 0.000478467
783 0.000477588
784 0.000476711
785 0.000475838
786 0.000474966
787 0.000474098
788 0.000473232
789 0.000472369
790 0.000471509
791 0.000470651
792 0.000469795
793 0.000468943
794 0.000468092
795 0.000467245
796 0.0004664
797 0.000465557
798 0.000464717
799 0.00046388
800 0.000463045
801 0.000462212
802 0.000461382
803 0.000460555
804 0.00045973
805 0.000458907
806 0.000458087
807 0.00045727
808 0.000456454
809 0.000455642
810 0.000454831
811 0.000454023
812 0.000453218
813 0.000452414
814 0.000451613
815 0.000450815
816 0.000450019
817 0.000449225
818 0.000448433
819 0.000447644
820 0.000446857
821 0.000446072
822 0.00044529
823 0.00044451
824 0.000443732
825 0.000442957
826 0.000442183
827 0.000441412
828 0.000440644
829 0.000439877
830 0.000439113
831 0.00043835
832 0.00043759
833 0.000436833
834 0.000436077
835 0.000435324
836 0.000434572
837 0.000433823
838 0.000433076
839 0.000432331
840 0.000431589
841 0.000430848
842 0.000430109
843 0.000429373
844 0.000428639
845 0.000427906
846 0.000427176
847 0.000426448
848 0.000425722
849 0.000424998
850 0.000424276
851 0.000423556
852 0.000422838
853 0.000422122
854 0.000421408
855 0.000420696
856 0.000419986
857 0.000419278
858 0.000418572
859 0.000417868
860 0.000417166
861 0.000416466
862 0.000415768
863 0.000415072
864 0.000414377
865 0.000413685
866 0.000412994
867 0.000412306
868 0.000411619
869 0.000410934
870 0.000410251
871 0.00040957
872 0.000408891
873 0.000408214
874 0.000407538
875 0.000406865
876 0.000406193
877 0.000405523
878 0.000404855
879 0.000404189
880 0.000403524
881 0.000402861
882 0.000402201
883 0.000401541
884 0.000400884
885 0.000400229
886 0.000399575
887 0.000398923
888 0.000398272
889 0.000397624
890 0.000396977
891 0.000396332
892 0.000395689
893 0.000395047
894 0.000394407
895 0.000393769
896 0.000393133
897 0.000392498
898 0.000391865
899 0.000391233
900 0.000390603
901 0.000389975
902 0.000389349
903 0.000388724
904 0.000388101
905 0.00038748
906 0.00038686
907 0.000386242
908 0.000385625
909 0.00038501
910 0.000384397
911 0.000383785
912 0.000383175
913 0.000382566
914 0.000381959
915 0.000381354
916 0.00038075
917 0.000380148
918 0.000379547
919 0.000378948
920 0.000378351
921 0.000377755
922 0.00037716
923 0.000376567
924 0.000375976
925 0.000375386
926 0.000374798
927 0.000374211
928 0.000373626
929 0.000373042
930 0.000372459
931 0.000371879
932 0.000371299
933 0.000370721
934 0.000370145
935 0.00036957
936 0.000368997
937 0.000368425
938 0.000367854
939 0.000367285
940 0.000366718
941 0.000366151
942 0.000365587
943 0.000365023
944 0.000364461
945 0.000363901
946 0.000363342
947 0.000362784
948 0.000362228
949 0.000361673
950 0.000361119
951 0.000360567
952 0.000360017
953 0.000359467
954 0.000358919
955 0.000358373
956 0.000357828
957 0.000357284
958 0.000356741
959 0.0003562
960 0.00035566
961 0.000355122
962 0.000354585
963 0.000354049
964 0.000353514
965 0.000352981
966 0.000352449
967 0.000351919
968 0.000351389
969 0.000350861
970 0.000350335
971 0.000349809
972 0.000349285
973 0.000348763
974 0.000348241
975 0.000347721
976 0.000347202
977 0.000346684
978 0.000346168
979 0.000345653
980 0.000345139
981 0.000344626
982 0.000344115
983 0.000343605
984 0.000343096
985 0.000342588
986 0.000342081
987 0.000341576
988 0.000341072
989 0.000340569
990 0.000340068
991 0.000339567
992 0.000339068
993 0.00033857
994 0.000338073
995 0.000337578
996 0.000337083
997 0.00033659
998 0.000336098
999 0.000335607
