-1.69762 1.63414 1 0.999889
1.82128 -1.47667 0 0.000306738
-0.805383 -0.857509 0 0.00230165
0.529496 1.33152 1 0.999859
0.0742821 -1.71252 0 0.000307688
0.656575 -0.478713 0 0.000319751
0.0171514 0.242134 1 0.999119
1.48265 0.856899 0 0.0156069
0.920866 1.74511 1 0.999834
-0.503861 1.75719 1 0.999889
1.87439 -1.50792 0 0.000306674
-1.27879 -1.18418 0 0.00141217
1.09812 1.81628 1 0.999812
1.17673 -0.0764794 0 0.00032481
-0.920866 -0.218451 1 0.999746
0.093936 -0.884976 0 0.000326076
-1.47325 -0.182928 1 0.99987
0.51619 1.27 1 0.999856
-1.22666 0.0136113 1 0.999875
1.90722 0.788415 0 0.000599484
0.24543 -1.78967 0 0.000306779
-0.6086 0.368969 1 0.999876
0.630451 1.99597 1 0.999876
-1.74718 -1.98682 0 0.000411581
-1.63683 0.746788 1 0.999888
-1.68358 0.381298 1 0.999887
1.05857 -1.16807 0 0.000307613
-1.16306 -1.37486 0 0.000545201
-1.48692 -0.894986 1 0.853797
0.520951 0.821863 1 0.999635
1.90405 -0.189032 0 0.000309069
-0.693075 1.1345 1 0.999888
0.805628 -1.96753 0 0.000306355
0.527665 -0.175237 0 0.000392671
-0.345897 -1.20103 0 0.000354627
0.0805078 -1.75878 0 0.000307412
1.28074 -1.01364 0 0.000307713
1.23106 -1.09006 0 0.000307612
-0.859462 1.12937 1 0.999888
1.6737 -1.1489 0 0.000307249
1.8623 -1.72631 0 0.000306362
-0.524613 -1.75219 0 0.000333693
-0.257637 0.993011 1 0.999885
0.528153 0.590899 1 0.995126
0.810389 -0.307443 0 0.000323939
0.132633 -1.57457 0 0.00030804
-1.91101 1.32994 1 0.999889
1.3408 0.824305 0 0.0441658
-0.325388 1.67211 1 0.999888
-1.31919 0.712119 1 0.999888
-0.736534 0.218696 1 0.99987
1.8905 -1.83264 0 0.0003062
-1.25266 -1.08676 0 0.00295218
0.282052 1.8247 1 0.999885
0.505692 -0.231758 0 0.000374598
-1.63329 0.504349 1 0.999888
1.01669 -1.46995 0 0.00030708
-0.639607 -0.806604 0 0.0014598
-0.584796 1.50755 1 0.999889
-0.801843 -0.496902 1 0.930393
0.619709 -1.31053 0 0.000307728
-0.319285 -1.27232 0 0.000342033
-1.34519 0.276681 1 0.999885
-0.620075 -0.369213 1 0.964586
-0.204657 1.75231 1 0.999888
-1.07407 1.08164 1 0.999888
-0.846644 0.617389 1 0.999886
-0.69747 1.66955 1 0.999889
-1.6621 1.91394 1 0.999889
1.77575 -1.58104 0 0.000306603
1.80871 -0.336375 0 0.000308619
0.0794092 0.731895 1 0.999861
-0.449904 -0.655354 0 0.00178207
1.48448 1.68029 1 0.999662
1.6914 0.53267 0 0.000409853
-0.624836 -1.22312 0 0.00041813
0.695883 0.830897 1 0.99877
1.95923 -1.65319 0 0.000306433
-1.25303 0.214789 1 0.999883
-0.265816 -0.374828 0 0.0179324
-0.0463271 -1.08518 0 0.000324889
0.338206 0.70748 1 0.999745
1.00046 -0.0354625 0 0.000341526
1.40794 -1.52513 0 0.000306824
-0.130314 1.53624 1 0.999888
-1.93139 0.623615 1 0.999888
0.257637 -1.80847 0 0.000306718
-0.316355 1.91736 1 0.999889
-0.688925 0.171819 1 0.999863
0.485061 -1.20493 0 0.000308458
0.309885 1.8507 1 0.999885
-1.28733 -1.54772 0 0.000472621
1.91882 0.477248 0 0.000344374
0.887051 0.525712 0 0.0217992
1.6361 0.332713 0 0.000345133
1.83789 -0.496048 0 0.000308049
1.06076 -0.573687 0 0.000310525
1.11777 1.98926 1 0.999827
-1.39354 1.85522 1 0.999889
-1.57787 -1.06357 0 0.120867
